200 20
0 0.11576197976485797 -0.04980108641190507 0.16126910394145239 0.13142237388548972 0.001112654122152513 0.01634973261257829 -0.14667085045488848 0.24201789313254274 -0.05710908360386425 -0.07955478833458568 -0.11715728324482753 0.025494482847466117 0.029091711104033295 -0.05640987693846801 0.2722372555248048 0.02907014714771365 -0.11883470958944072 -0.21002517246527186 0.0674514471292219 0.114599379555717
1 0.044752598155839284 -0.1719995183635315 0.3170142120891032 0.11285096544311983 0.06811560890710884 0.005500806243279443 0.16221443286301196 0.1489297988986383 -0.12235146773732414 0.2355988733822607 -0.0655853693239465 0.17037663510327958 0.13752509081950276 -0.08412166047297577 -0.027611948898013616 -0.08889525766454877 0.01061127021364116 0.11433357734490183 -0.06848238748823747 -0.06433880790309929
2 -0.0027733129612433 0.00735036452714598 0.1375882141932422 -0.19920401478357364 -0.002197267930405231 0.0627554014817719 -0.08281080273483034 -0.11952470573460915 -0.04093414712819273 -0.2531019912402046 0.13737508818283428 0.10566681660734772 -0.011878263970275478 -0.13217255031861888 -0.014660579689632813 -0.09191846172556711 -0.16036559256339272 -0.16334093500172875 0.1332404531327561 -0.08656597252337786
3 -0.17455231737108184 0.04532123035049685 -0.08730991015926268 -0.14737902317000573 0.21954162912878408 0.13661590716873792 -0.31671144322231487 0.0708724091621812 0.0656154634811316 0.2644192703213719 0.00686471740319602 0.014589322086600002 -0.08650628401508341 -0.021651866269241937 0.03860322509638016 0.23095909964378922 0.00951639772705602 -0.07320725296838833 -0.06915500765471112 -0.11135222998381245
4 -0.190430991423856 -0.049098359213727155 0.17415490303879078 0.05010251419205267 0.21420471128235535 0.08557173781735031 0.13862972695424725 0.08952530183235258 -0.12082083189398839 0.08188435298390546 0.19220606475789848 -0.07781000861949709 -0.07605815461223793 -0.301019771044154 0.2020850286027026 -0.17695411099953864 0.07075154578126669 0.04139657252851033 0.29098862645878976 0.05072774422305765
5 0.0293338933861633 0.34159712696748146 0.03379519285272427 -0.2217001899184853 0.05692475068541107 -0.05579007035002474 0.029486380022226488 0.24117396713798842 0.052220920214181434 0.08802144712797032 -0.077551911373881 -0.06490903779023903 -0.07346031579508214 -0.0702137226420219 0.19229963253956198 -0.0020614957845507998 -0.11714468612876476 -0.07721873170958016 -0.10808663944657973 -0.12187522642640632
6 0.16226494629901483 -0.1925224864496967 -0.10339718421324388 0.16508067663751766 0.15872799701689988 -0.0684880684970378 0.13234502457154526 0.15176960502114542 0.10828598732369805 0.03729411850259368 -0.02935185593237625 -0.3300505055304741 -0.19130255190277465 -0.010468375201534076 0.08461527109835047 -0.1048151098375427 0.046781153984185954 0.07504844534841092 0.025597565488355067 0.2911990197360999
7 -0.23740767399726662 0.1797382353029026 0.13401305457494112 0.03774248102776242 0.04757682023883245 -0.18016331926266838 -0.03990128943626755 0.17032611482194995 0.14371636505873292 -0.27283009473351444 0.02631912810033189 -0.017669524028213854 -0.2712692404993617 -0.23903173879054235 -0.10408763726939269 0.08530288157340464 0.07168018734273689 -0.09877899862972513 -0.11554193190126265 -0.05629877363535535
8 0.045401432268978616 -0.1258663169715599 -0.05068621019736896 -0.019610455942839694 0.07675408149020667 -0.013014847491746855 -0.028024404887129224 -0.018927885242119018 0.14283712644565955 0.06735888025783915 0.16838160959195853 -0.017439261033100326 -0.23353622119734024 0.31492440666957094 0.2440976175036718 -0.34054774053523984 0.18960923323917936 0.08958823773205478 0.0667461401335051 0.3897311801067828
9 0.17971292909960002 -0.06898549658479396 0.12372156556165756 0.2187367063209748 -0.3668451742508237 0.061216176566316324 -0.04409351847633664 0.08854796322053234 -0.23490564878094275 0.015926216299216627 -0.1962546548142992 0.023079353305700472 -0.09895690095231703 0.0172130308217078 0.2095886072311329 0.027178185179213415 -0.2388097264344409 0.05205369522816087 -0.02490727842724718 0.21368650627039562
10 -0.09556930874665517 0.2547340427492361 -0.0820990246112427 0.12825347243700813 0.2781382059672023 -0.10051545192392777 -0.024574751500298572 0.15129247253610867 -0.07857861630825277 0.11940142561423382 0.2989648957111539 0.07980343242055005 -0.09515261195378404 -0.1360378729224208 -0.10520513837479728 0.19326140650564227 -0.1998818517907296 -0.2809754250251573 0.24191382037564207 0.07030422872917232
11 0.0798536284259101 -0.05296620513708595 0.1920831468555849 -0.17980739265563833 -0.0963408343390334 -0.17323157072318976 0.03183744268066254 -0.08486739075337063 -0.015928754893221847 -0.12070802733299875 0.0034705755155737994 -0.20653211904420596 0.1684925455804278 -0.21203553296989364 -0.013264800824492926 -0.057232312591137716 -0.09051266911078962 -0.18902108715534555 -0.007826576431507786 -0.10450051876681715
12 -0.12099050361574007 0.046588611421451424 -0.11969976059846815 0.18331438211027956 0.0413335436241397 0.141255740272976 -0.1637286091224482 -0.16751881160798016 0.0566564886442338 -0.008664458843321307 0.057742662431705484 -0.00016737598484271068 -0.025903501132819525 0.039409508379767706 -0.05903243933682024 -0.13758322128747058 0.025417315017860254 -0.17094861381291268 -0.10720964663206854 0.04818473277143556
13 0.1901526599664954 -0.09237743940437597 -0.07021480869175316 -0.01124170067910281 -0.02600106949061354 0.0853554269702589 -0.060004918169424215 0.1603662226183801 -0.019158549973162513 -0.030858312212678436 -0.12713588572902898 -0.08237447452289387 0.13685189367883877 -0.02301003336223742 0.05337940954621187 0.1605442458796651 0.10163179317716496 0.10764616010624231 0.11894879732988953 -0.05212522755048151
14 0.09760609229588765 0.048406329103205775 0.05980849869980211 0.15972696492975452 -0.02671876425758656 -0.053089597084915924 -0.02341411190497928 0.1617621952218655 0.01312223313644839 0.10049847678926112 0.09174067524975496 0.19829986926057114 0.057332805583882936 0.022927099359237472 0.0955775956137542 -0.08847733379280891 0.018561150865053676 0.2522520836081372 -0.06733899584883458 0.12234719589434365
15 0.05170446921572725 0.0771418782015346 -0.20613322967561878 -0.13691491764152092 0.025837258959752994 0.1751981986655369 -0.17653571717459682 0.012512806837147046 0.12190388776455655 -0.08701167056060613 0.15687248579115606 -0.04703423651158014 -0.11547315683178341 0.09559011246424255 0.04570279067673116 0.16730450179909684 0.01886754452648332 0.017973977572620623 0.15037193766859372 0.19400343384551572
16 -0.10355635058803354 0.176343222168586 -0.041330260029794126 -0.1610583574130485 -0.005056000288249339 -0.22444754094140187 0.18015252496011125 0.17272093481017364 0.14234729941993388 -0.03558907801415924 0.09599291477064062 -0.07581114285750244 -0.07577187399261107 0.10298417721304966 0.04017248029364388 0.08108956891664132 -0.0646515568432295 -0.19548323956594338 0.17919649741561253 -0.16166518583089987
17 0.0031100860772687706 0.016941703410791268 -0.0062734758956798625 -0.09704448060573362 -0.12256246024218152 0.026394281776230797 0.16574638919271417 0.044290214150279734 -0.22507330141890852 -0.10510428175305565 0.03029300208297138 0.2197959308507607 -0.10265440381514855 0.010726603732650802 0.08275863137984256 0.09912436673627135 0.01878896085516891 -0.2706015794718377 -0.18646304626419746 -0.06313172417291588
18 -0.19605520556559622 0.22203852126815454 -0.06249636758213778 0.2656181813227955 -0.011403307177820284 0.07039744348335164 0.01701411521286848 0.19240684796754096 0.025463035316490922 -0.1201756406971361 -0.0017850405562928415 0.0096227687050277 -0.141087511597124 -0.010638437262612424 0.025883574488605492 0.08862327485132854 -0.016262756665269693 0.13110770350927203 -0.001702605791602602 -0.1646745905559307
19 0.03338146781821017 0.13234526799898758 0.13285799238038276 -0.04132329780488633 -0.09795759706756012 0.006848930733776159 -0.10312931095507985 -0.0774194644366182 -0.11062796773554061 -0.23710555028453814 0.14276300608317172 0.011402249935860996 -0.16883518191574798 0.17367853554319532 -0.08726596904356435 -0.01031107587099185 -0.03119817986344395 0.005508706575889586 -0.15827577131201512 -0.05388482273854306
20 0.12769496524357504 -0.11715806934346222 -0.20412624005502056 -0.012721738511051864 0.0908852256973521 -0.13141353898111513 0.10973469139733504 -0.07526657525316939 -0.0647609791714553 0.03374140047738483 0.041626433210252306 0.002318705730645474 0.132116414881849 -0.06972459443076982 0.11112241964128489 -0.11482421509057257 0.1196354783646487 0.08198698597317484 -0.027899248236869567 -0.045863393428836684
21 0.05245769309383377 0.11846781930361412 -0.024534596280723343 0.16798462084506016 -0.12385892924141928 0.15695690723095906 -0.11852404413122022 -0.27203454767954977 -0.06621078321956773 0.15666457916055146 0.16594476423507779 0.14315805103398074 0.06250508623662397 -0.09737844871461679 0.34708538818130524 0.30235695865884094 0.11611725153944169 0.056694194423059126 -0.21379750424811664 -0.1413169517726368
22 -0.03739665856488041 0.006271533808346435 -0.015847695525074618 0.1368730807636751 -0.04295484329698253 -0.01742111888269235 0.06513038769316612 0.1534041330391246 0.02527916326597228 -0.16773141894554736 -0.02627982325501599 -0.1544058917203623 -0.06355673012576057 0.09108971421440985 -0.0022062474036687436 0.0024189762179377566 -0.0811576488287283 0.13058094964662376 0.2954850085971488 -0.06217457337988477
23 -0.2720217621506885 -0.053311343481538244 -0.05984580732419546 -0.11640536067020975 0.06720402855896289 -0.003879503576744111 0.12263132190017804 -0.20340195099103806 0.22232519258012878 0.24296883609298425 -0.03335010753675234 0.13455984289141446 0.22570777671892384 0.10635147621416387 0.01686687949994389 0.05294859573863326 -0.11779799034496634 0.09864677306230525 0.13407978741812504 -0.15947050833858745
24 -0.03726671627731678 -0.143936459196555 -0.06274037974738526 0.028128970618148487 -0.0138987724292281 -0.29039200241820207 0.09893014232921116 0.23522947323773802 -0.08224838182033468 0.055130147222071886 -0.06679313847905406 -0.08023024353519653 0.12715165240903797 0.09141041134232891 -0.000249236366774202 -0.001794762339029894 -0.04013687493389109 0.16586876854387006 0.1273952697401495 0.04268546545076747
25 0.02020985808923711 -0.08929907558520028 0.20018006071175334 0.02029918223139076 -0.3001845719037386 0.08816410357168197 0.05143017865210469 -0.10167579880923383 -0.15784422398914594 0.08285086749134607 0.07494175563830786 0.11397476811783142 -0.10090003516060896 0.06917986340862614 0.14636261157497124 0.0030715171555577457 -0.09825566895031301 -0.2317105575128412 -0.2834962658437699 0.18955227045476933
26 -0.06605487887915508 0.062474973223820195 -0.30757113629546357 0.17367268474175995 0.05569604387090851 0.05165247424973413 0.02292218004614805 -0.12258920879291738 0.08975040075424076 -0.1134120603671278 0.05124020339685488 -0.0639139571130351 0.08608798277715728 -0.003423524689054721 0.039124790532839675 0.3025415004553478 -0.003422126364123483 0.006702449151626427 0.015181146495355723 -0.11236556234651032
27 0.16640300746411152 -0.07284382653560209 0.01639852010056075 0.05905311337431841 -0.15560983486469657 -0.05646602012349646 -0.05815798584827948 0.04233728797115104 -0.19386872034767816 0.08067042203127722 -0.042381866431038806 -0.19808605189939835 0.03078613498885815 -0.07294617812625889 0.014800204566291013 0.09770188037204385 0.017163836702152536 0.031237333394999126 0.07801230498480174 0.0540574135568023
28 0.0019156084403039188 0.05741578552350749 0.05453856209088104 0.15980501990641663 -0.051672585262794175 0.18858350120674594 -0.038197167492367595 0.011540214720316546 -0.19740216634719596 0.006905301890934344 0.04100219051668937 0.11317619607394254 0.24953398369392582 -0.0067890602978385095 0.140179584022842 0.10269894943371653 0.07156696982383728 0.006233648838891784 -0.19892830032675143 0.15231297634333016
29 -0.08805409016647671 0.018262679353280967 0.1858539506309654 0.1938205239855188 -0.0033478654096729655 -0.034046664630924976 -0.11832189617206028 -0.017212186638026254 0.1181837591017032 -0.07663234649562857 0.29559619464026926 0.09141908424739535 0.013940111939775358 -0.13834529872631046 0.3159793634087045 0.08538686877202434 0.0054042928841990055 -0.10467531293009073 0.08720926317797455 0.07325639022355188
30 0.1084775752354668 0.018400220769695188 -0.15329763165010996 -0.2848390165142409 -0.03327534372247639 -0.10144392460620288 0.21315981543838677 -0.005547092957507727 -0.14742614868933537 0.12202347290940621 -0.017658219961924185 -0.06821717759074117 0.03570379780819414 -0.038273325795389224 0.09912801417651308 0.13294783470767216 0.03082317899427044 0.11626043225595845 0.002619194346525637 0.08336469924758177
31 0.10906135073823475 0.11128526766994919 -0.06074950939150239 0.0873692658144672 0.25985700795550504 -0.030189013890774545 0.19821614640160198 -0.15780034026321463 -0.05449299960321036 -0.0708835663291073 -0.06585410125458403 -0.09634475513985058 -0.015234521396278402 0.1341339776045716 0.0403134882558374 0.0702034327122036 0.15228153121562063 0.025123300909253157 -0.048459338335012855 0.17028478673707836
32 0.4107821516520577 0.15346925464717648 -0.07687663129431553 -0.05539231003647464 -0.02736606516592523 0.02924668533939793 -0.21700193677759905 0.03570871994840641 0.01163523126645898 -0.1482518318958403 0.07836132717667317 0.23968001438638425 0.19414187718232442 -0.0661276980691932 -0.10716839453769313 0.05192467855820002 -0.08720445401963416 0.04304404189542274 0.0789110671423393 -0.08714218435619261
33 0.07461383405066929 0.24239999030626083 0.09288430991912848 0.0806295254828587 -0.10837507577209603 -0.04489028613265661 -0.045844317883816064 -0.0860896610015089 0.0431309102762796 0.040720122370703625 -0.12045974986007926 0.18276707168687162 -0.09598591353600017 0.16616347091538602 -0.12932796343705955 0.02158791392031325 -0.02672749112641913 0.04681541053918211 0.12917424123252863 0.15442109640930374
34 0.011278984782631438 0.3156278147544122 -0.041341584329119066 0.014955011745972208 -0.1327467889907218 0.15101697164211075 0.11268249694908128 -0.11319534625639827 -0.07496945971663502 0.037879605360726286 0.051717529371855524 0.284834656098844 -0.051258328767359175 -0.028580333529921263 -0.05186437809112036 -0.1249751767633584 -0.08778858738781248 -0.05708602901386823 -0.12014160730917305 0.09337225990288255
35 -0.044202541319339955 0.03751792605237405 0.03256344231002859 -0.12949881850643608 0.12062101626785154 0.17223702967635382 -0.022552789689296988 -0.059820725628778215 -0.04998267981495141 0.08727920851224474 -0.08845935179236201 -0.06554202339630329 -0.04049647028245879 -0.05708583938957859 -0.012793663239227393 -0.07896794648638517 0.03341385038612842 -0.10036843111230913 0.16942728214042296 -0.04057236854448059
36 -0.2241314065024701 0.050881036510481065 0.11817928115375737 -0.018314938946452086 0.05901699166483218 0.00969492090458207 -0.11600710663369669 -0.047429314568696965 -0.015703205859420772 0.10006084616938339 -0.06837839657351442 0.16440947954624485 -0.10170717798762759 -0.22395418697128816 -0.04440249675988928 0.09988340830430073 0.18101762152633694 -0.10884562307329186 0.11639486669951377 -0.05592503910175657
37 -0.00982427001468375 -0.09288540985018029 0.09427121136619518 -0.0817717225592206 -0.15527556095101666 -0.0028926824008557485 0.03184132913661364 0.08841888157913406 -0.11329398812539547 0.004393417964083685 -0.08079628348684605 0.04116078768290755 -0.1310759223441905 0.07092818518778929 -0.06413528432236087 -0.10587225636727551 -0.08962162257697019 -0.15508382034553486 0.048346673321667456 -0.08035210815891597
38 0.21719550643990365 -0.0006554930712430235 0.16460034846431496 -0.3217358850827343 -0.11343672138998849 -0.31655734532408164 -0.349019490330705 0.0782718744775085 0.11383152644763174 -0.05470908756644731 0.06100365663414504 -0.11902160324260187 -0.07329609002856805 0.024833765300797655 0.0768071987644168 0.018538803794508108 -0.03833954743042721 0.09641226227512689 0.2644567451455004 -0.01825151424377236
39 -0.14477048813925808 -0.06308808972031188 -0.02963119895565194 -0.37904826083601373 0.08641390895002381 -0.07479552728163334 0.3766418762658436 0.05320747026802338 0.31568966491608114 0.071670529538521 -0.05529436028446961 0.029210900719772587 -0.05490734625167225 -0.14659904914373748 -0.045999056508846003 -0.05091073297787509 -0.1863750044232825 0.19237558846211136 0.1896608576239911 -0.17166493575498193
40 -0.12312696357241966 -0.03209991308378261 -0.11632312442085355 -0.07561123897637319 0.2516917977721284 0.14614174349709413 -0.2238050135399204 -0.22689616515139258 -0.09363267301521924 -0.13731718090723535 0.08390986886894551 0.18391233452395736 0.06612898602042222 0.04469173990175506 0.3526979884673576 -0.12015865745209271 0.14638892533358305 -0.12590596638306745 0.22909646179224352 0.040983397134389296
41 0.07665789747684539 -0.04947643273755073 0.04963108769002266 -0.01637753295918843 -0.07814371598206164 -0.18031598877665134 0.053029868662852364 -0.08932303207301945 0.1729572028782263 0.015354161509299852 -0.15485920291464642 -0.055084470118058046 -0.08772640769882081 0.03540387124132522 0.03408841864706468 -0.16024670031418803 0.01749574495265764 0.19865973361758027 -0.2240898797498198 -0.11865798316032575
42 -0.22509637471856372 -0.01988477076417041 -0.27240635082527126 0.05667783175200149 -0.2203979459490832 0.07169063696631353 0.018029556984920817 0.011448059990334004 -0.0915727191912131 0.12189934624486538 0.050595703897206495 -0.1758938044668029 0.13709758210801073 0.10392037818616082 0.22090743818319236 -0.015625927195484432 0.32357435059873285 0.1529946006390892 -0.008836445161053733 0.28478023224127846
43 0.0861926708632156 0.10352092826673724 0.13439192100578629 -0.06111584216802033 -0.3132131360773843 -0.1683669815376135 0.08938837842574385 -0.08578471287900205 -0.06643953337343482 0.11058277519500063 0.06542837162000269 0.0522164415899414 -0.023725159640088072 0.05380291919987987 -0.029982114343727762 0.13660647663780626 -0.06349416204017833 -0.02030548775606764 0.034779410643222236 0.015023539002776903
44 0.01847394950027554 0.004221884170459336 0.12632496538891214 -0.09545907567251931 0.0012665285543840964 -0.19548701527261747 -0.02983228644749625 0.03364351069376132 -0.05115598761194921 0.217138848460619 -0.13483872905786298 -0.08421475970825475 -0.20636779378972273 -0.06004347822882617 0.03198121688980339 -0.008783278869151367 0.15508902298108956 -0.14202460411528384 0.11361869033226116 -0.1011029870013306
45 -0.3066886053894112 0.20317146965067237 -0.006100151853027685 -0.14668579234940016 -0.007730929756759554 0.2490601004193129 0.21753041371595272 0.13519190493306443 0.11767019507397318 0.128890077443614 -0.026789127113197104 -0.015483127839330792 -0.017362757599231428 0.1355395266678293 0.15055910941428777 0.05450399231193609 0.10714306757488393 0.03490377663679163 0.032971905798731806 0.05764530602467148
46 -0.18221793857285212 -0.18639935193597296 -0.1345603436086967 -0.08555782281587607 -0.21883259423792167 -0.11659667938922286 0.031122529548275792 -0.001191306015839461 0.05272981528009707 0.0954068017928295 -0.05312574773885429 -0.14639808201695134 0.07633583262943655 -0.029002520776886403 0.07276736055445268 -0.03638175246323297 0.048510389369190575 -0.16642495368270208 0.054353581131523956 -0.08303610093005935
47 -0.08608631970720483 0.01362564631558008 0.012426538067311416 0.015995103432642765 0.18272392823784223 -0.08492902588803514 0.06010504258309227 0.0317223889292028 -0.16345734128965503 0.1493557132130685 -0.015285853668320993 0.020391402264768432 0.04100794758290909 -0.07147623999309306 0.018369291960220316 0.17324150620052278 -0.20930964753407072 -0.05156110938542612 -0.005193657488095375 0.03975296131787703
48 0.1290364341415656 -0.11266257888384129 0.020182606088963665 0.12548869906613636 0.1297473637874028 -0.12340424751146684 0.09512277659723854 -0.03052279980357832 0.05667647632075697 0.12235294860568895 0.1078006765612561 -0.041952071141925326 0.06767690876393137 -0.05817025292050319 -0.21002060856989613 0.017201477430960413 0.11223931572968907 0.054463276727021656 -0.004181808547588404 -0.19724362463236048
49 0.19631004616002842 -0.17728320631274783 -0.032528107841147784 -0.1203425434598227 0.1754682966719456 -0.006371575992116616 0.04944547489528229 -0.25641479281134244 -0.08878887787148156 0.23451174366373514 0.11176168911289149 -0.1761007119048955 0.027186475206488234 -0.029814321494444844 0.1092857248911155 0.09788828782916677 -0.1080073721527998 0.03961373968197849 -0.1074162218264445 -0.18525487876206106
50 0.04227331830510437 -0.1714538770835234 0.055131021832596744 -0.16055400919596965 0.06623087016898785 0.06301743812239596 -0.03429212797111182 0.04123018518348671 -0.019797582300195803 -0.0703222784410743 -0.1499302483504351 0.11353559381187216 -0.10918991647712173 0.20891700149612077 -0.12988649678288294 0.0937342731348603 -0.0033384972386059685 0.036447812367106126 -0.10066264142982474 -0.08171769860760555
51 0.06090962988922238 0.05577479655677902 0.10731606560181599 -0.09434336493037633 -0.059247551223323584 -0.04827816080085115 -0.21251892006006678 -0.09360306214566536 0.018633782079544668 -0.10937790591129692 0.12835362397916786 -0.21388115353955964 0.1314767850792103 0.2544015945879527 0.034719243406863894 -0.12518966910466434 0.15751660712576723 -0.0035876530663974354 0.05123451184987879 -0.03406800032126586
52 -0.058710518775998664 -0.14505779467496868 -0.01928830132705755 0.13539420057068016 0.10751788914049674 0.007420281797551969 0.08076317936033131 0.06003520744001571 -0.09600018584268474 0.0065476512138226564 0.3055781485067967 -0.2238125225314735 0.15298348175699117 -0.09535586841364965 0.07189195152457156 -0.10736668815492677 0.05274120895329015 0.11139812024174293 0.2100352236184641 -0.22025883615311
53 0.025038085318658487 -0.15896440145229354 -0.30676640332886684 0.04999839244737142 0.08784026995098167 -0.10118907002547453 0.0699397080974601 0.11559173717010493 -0.10551323929172804 0.11016053225313191 -0.11380518273484888 0.03409116817225474 0.08979118807705472 -0.008956068530787762 0.10263965436736751 0.0721952440895521 0.017086535866833247 0.07132648160048914 0.1368388445574376 0.04111896061424813
54 -0.11063035361626027 -0.14063705987915381 -0.04555823581981507 0.16515575891719164 0.1188400502304647 -0.2515150434087796 0.11438091117691664 0.02521458879281955 -0.0013068062617869695 0.08167706623217838 -0.13111580089644734 -0.06620624310163101 -0.06305405862482898 -0.09974843263334482 0.17734182688520353 0.30097838334119537 -0.2101808300886131 -0.23880652913126726 0.054320098990005734 -0.0444624158755126
55 0.11703215910019513 -0.02954154119824587 -0.008206739974871794 -0.10443024502962688 -0.06110974787721449 -0.019238146937439242 0.1294015957678874 0.11789829314546967 -0.08490986939537287 0.105797013233443 -0.2322659375920108 -0.13322060186446213 -0.16672801405866397 -0.12111023080481416 -0.027868163588135566 0.19785210097905107 0.11213727615719835 -0.067196178754332 -0.11798818760234035 0.013936992014309878
56 0.1060535369337648 -0.05549182438268551 -0.07460563459165998 0.12513543903625934 -0.18815478813727207 0.03952383738704165 0.16742590683831446 -0.05512261804412504 0.0022296558587134863 -0.12029943734005734 -0.0716950203843266 -0.036591111918288184 -0.018011198046471787 0.032572836836133205 0.10863668068838854 -0.00856354824904094 -0.13096275100579896 0.06421243266001082 0.013932875253268794 0.16521703591459627
57 0.2861418176760284 -0.1637404581083186 -0.05909266582970709 -0.15948345025701863 -0.005305142770923302 -0.1628276320577946 0.12323702146142317 0.053811967575616335 -0.2094313010651429 -0.2811840710215056 -0.12809979208636912 -0.008344595899440088 0.019802836148543123 0.18402266873056658 -0.038125425428355314 -0.19548050461039018 0.07018384479544736 0.1346858948531384 -0.0016763601235266973 -0.016280476100528195
58 0.1131602607263088 0.08249187112241552 0.22425904766733878 -0.03694295147716185 -0.045146126531848345 0.011780975627246962 0.07547468085429672 -0.15124889050485577 0.08682514522045993 0.017522299063588848 -0.05997055447289615 -0.18413328780627092 -0.0869064971356472 -0.17953674025091176 0.03158891949825423 0.0842959364397184 0.11923927655508024 0.11428576731728053 -0.04574020371643318 -0.09805609045367297
59 0.051985945141009286 0.1107279775176479 0.026782598882534057 -0.13510980910978995 0.14902332518761416 -0.10910084686524238 -0.09945464820571014 -0.03225854311178306 -0.1642702750035641 -0.16851299895718322 -0.1659067626661268 -0.17847138200387044 -0.08357906426286295 0.045387905503441295 -0.1401513919318645 -0.037274731046721334 0.0721682193821467 0.11485056245868921 0.015597050591888918 -0.06362130525456496
60 -0.11038476205150217 0.13530210666344095 -0.05277256485824795 -0.1530599016255289 -0.09902328846016512 0.05374890499514722 0.12161970012639124 -0.027743007670681996 -0.03923164161019916 -0.0154637562551842 -0.11034287006144747 -0.12422566598850639 -0.08106595097007402 -0.2168537277175033 -0.14746056575552546 -0.15906856284527604 0.0805142446623855 -0.03821171277406613 0.35166038447730025 0.0885297396735841
61 0.2623094375548953 -0.029125127342614517 -0.011869005828758043 0.04322156144879717 0.10706569134624233 0.12399548330081117 0.060468810071273034 -0.28835416389420987 -0.24062598827568318 0.032467676509442045 0.08466796624266777 -0.07839840215490958 -0.13221284584655435 0.017213582011726847 -0.024976290406021617 0.21498088410693605 -0.03137088362532858 -0.12192589162339275 -0.22652176391547482 0.22540025357325583
62 0.03110168503020113 -0.03105661424249114 0.1244227861459644 0.15654675079565333 0.12048741539597241 -0.0720073754678324 0.06862147096359598 0.054088780615633096 0.07082494438305009 -0.07276288194589765 0.07344114143505918 0.10803679179518248 -0.2877536965015865 0.05944977840174018 -0.022386419976669916 0.09892090180423155 -0.17233040028420735 0.0353920749980208 0.01507103719865239 -0.10918331685534019
63 0.13847772805309141 0.154518777980102 0.0015342207767979534 0.046721874370673044 0.15850207291727222 -0.01571480888220761 0.1474359287911972 0.2047576738975119 -0.08193278031920866 -0.04101228178342185 0.08230936062333437 0.1733176029584987 -0.008195740054991234 0.12688048554767417 0.07927567834084036 -0.08484922666636256 -0.11728760496739889 0.08484710732734746 -0.1455153768261168 0.09572134451443795
64 -0.007048233308602913 0.29804864375466794 -0.06524372626077989 -0.24136382886993896 0.04424612461794565 0.15372022344815756 -0.1546520838015975 -0.040270774937352365 -0.10895483569863924 -0.0033771250246534988 0.03761174675411315 0.13652743259695518 -0.0591527374172742 0.017892351698366924 -0.04504993839785623 -0.017625782821963875 0.09542712719628245 -0.11170921640109216 -0.08521188083711156 0.07744780097902176
65 -0.040675212136588514 -0.07298025245486779 -0.03126260818700914 -0.1843176864426689 -0.0775051897737738 -0.0454242259491613 0.15814922835228618 -0.1208570124462069 -0.009785863489451645 0.16895600694296825 -0.27201965548530793 -0.07903046581439449 0.042160522753533644 -0.007960925983907697 0.046213327098167334 -0.2526634849221762 -0.0016207220173785988 0.01234059152419352 0.18180704798880476 0.04586057630734696
66 -0.14251937706007672 0.0884482104097521 0.031286995986830116 0.002801160439471928 0.153784932705892 -0.040609667172419865 0.06445955498504073 0.009872103775270947 0.17590054727669924 -0.22233577498208595 0.18512745510779816 0.11664895059554882 -0.08548173244293197 -0.1665812149036757 -0.08763416000471626 0.0757181997536111 -0.22840367643822054 -0.15188310815133657 -0.028229823247675177 0.11987824188761063
67 -0.062063156670267176 0.09393349370660367 -0.05415288176856281 -0.17291223950165452 -0.0384609746979079 -0.07903512618315246 -0.16818817393210297 -0.04442694544299193 -0.011562163974684707 -0.10246049792902495 0.14267299631502997 0.05358298725523058 0.07483610124134174 0.07495744140153107 -0.06354573770324097 -0.02989937032884462 0.03241325971722151 0.11301739489744228 0.22579468356791024 0.15905035386883382
68 -0.09553179390249894 -0.026352493300574202 0.11564055637160184 0.06240857454581594 0.06297230599742804 0.021020131701101577 0.0644322264944779 -0.033311944012240385 -0.14098053621090437 0.07937020319798042 0.12980939738872485 -0.06964332788753565 0.413796066329018 0.27557869511112265 -0.02551344871361456 -0.011285231067738717 -0.014073883717526771 -0.10968472247103486 -0.021563525461188955 0.0013990516613740425
69 0.19517818176230772 -0.03220285539192171 0.2492217974499598 -0.02843090508310626 0.19058503465951232 0.3774871795880311 -0.22494205338475132 0.12349428305069923 0.21685388212105888 -0.02810713327076348 -0.08387973376593873 -0.06205478119379112 -0.04829427228935665 -0.1295845711352113 0.32694262983749256 0.11804483522773877 0.016960356008580122 0.022740395477391647 -0.017905470465787082 -0.009191702747747759
70 0.02836003259439275 -0.036209940459588835 0.09267536656064948 0.001789894662222359 -0.00367829449892003 -0.14336845966494216 0.058369690253675305 -0.1710714858003764 -0.05333535222724706 0.0020676043659752495 -0.24062390035131592 -0.09892681189695922 -0.0872924169158093 0.06263513260714029 0.1785706559374165 -0.020384401743152956 0.38675195272472906 0.015547089534231345 -0.14005546868663699 0.18441812619709166
71 -0.3024468826524966 -0.2590272657522887 -0.03608069287286291 -0.0890389576305847 -0.028632615088402553 0.04656864981379519 -0.06634049007780005 0.032832021658147005 0.1665319658916239 -0.1261187935868997 0.03170403652492972 -0.15320481139613362 -0.027770060567801055 0.11500192615530679 -0.13829919665876705 0.046386614213184955 -0.1956722502283159 -0.008923584631548818 -0.030951149157650824 0.13847203954864928
72 0.07819794231844178 -0.1346619260260497 -0.16402467018292935 -0.18722077527289674 0.0030992818570822387 -0.251638375776226 0.040706113566870726 0.18151240409705857 0.14736084925333687 -0.035124643342594034 0.019359845132901496 -0.15541765555864565 -0.186258737106979 0.09380261585613327 0.09600766269612457 0.055378774609142964 0.006049604650858779 0.009220880974741505 -0.1398130466198755 -0.1094879505060628
73 -0.16977399215807662 -0.04754464677775501 0.019239957763069433 -0.015062939838490816 -0.02167017165692508 0.164898786410321 -0.045818422854556444 0.18344839031858864 0.07524665881374482 -0.22305414775012927 -0.05976582064908341 0.09889644264079703 0.035254905451467373 0.14049572706296118 0.012370633148423954 0.08240645825223152 -0.17680625143452736 -0.032887199293105344 -0.07012307815239982 -0.06577890709681633
74 0.05084233761850199 -0.02684964870423488 0.051948477828963925 0.09507487992593736 0.1360305888764299 -0.027013328091831473 0.011548388679460926 -0.17455657879771816 0.06569472640462143 0.11845650025927608 0.030538800858129173 -0.2929232309970686 -0.21328104534484782 0.33707610517466446 -0.0007913318581116019 -0.10552978045013282 0.2765071479771424 -0.021867886822115875 0.059674747378523296 -0.0415203696506522
75 0.0776040933885016 0.05796813451797428 0.04382715728483745 0.011506557922280052 -0.04294795471009985 0.07088883113742352 -0.04919189718793241 -0.2069590198787674 -0.08515358406946558 0.05023502612253818 0.04366174363761715 -0.02772267502366363 0.027291255821365726 0.08246421862700137 0.05795366471785838 -0.24215007405675898 0.07900304870546278 -0.02457211223488641 0.03547988871163578 -0.28352071272678014
76 0.16008634751883255 0.04382341868544593 0.3160611128292776 0.0743819050556831 0.0002075786117487977 -0.034271701519488024 0.11169592910095405 0.19191922692455798 -0.10007390691277508 0.10843792098815332 -0.09442215334782257 0.013765540453512217 0.10893058277612494 0.042299318122722376 -0.07484433561743925 -0.29707229898897586 0.051890360427353885 0.020479690128653395 0.04066988973834551 0.268086540073464
77 -0.18538238924220074 -0.18831842591702952 0.1435003588578501 -0.15606215693291342 -0.3576668382558155 -0.024925166276378835 0.13100273814853405 0.1979440838029946 0.14590689526244935 0.015229823073529502 0.06567486566859189 0.20334113990794594 0.09838007117926702 -0.061160486244058676 -0.01593021327907294 -0.09203404772643553 0.0067020594550154635 -0.20193909145423553 0.1248796820588702 -0.0018195503073416218
78 0.049605187817263294 -0.15924429131256232 -0.10403060697755606 0.033128867236812805 -0.08878520193876202 0.14733860388473524 0.07043795897302291 -0.04221966916010512 0.14292426355484164 -0.05675210566558164 -0.041994106959236506 0.11266183391837374 0.17111874634559385 -0.06865211850017432 -0.01676286720683247 0.15523506280346455 0.05240490828493387 -0.20112103729493844 -0.001542861470969798 -0.11080415234568033
79 0.08693739363387203 0.13033058414794368 -0.05656829312107169 -0.041247952941395626 -0.12883296446375828 0.055735248918983404 -0.08961331486187293 -0.08877241893278175 -0.08180711015385045 0.17220144857625214 -0.24215780189911137 -0.14229093484558814 -0.039869866672510995 0.01922711695994377 0.09705955216048931 0.186708846010466 0.07409872215967604 0.0229408414129975 0.01641585747860179 -0.09964583585726093
80 -0.0423580548777861 0.10917781402295157 -0.07969238543259881 0.06234984944661719 0.39420948905800696 0.074198459986682 0.043958673196073036 0.06508742573051607 0.15642806484356372 0.28738527962511823 -0.0029703900110828346 0.20612486198504407 -0.1747214093944575 0.03291470440820398 -0.004891712399925158 -0.14329856115576128 -0.09752902673497388 0.07512108268185648 0.11715666357741028 -0.17459248167388097
81 0.10742119422247433 0.06243911497523207 -0.05804556366255466 0.062238716604391134 0.026570780058767264 -0.014513466372890626 0.23850269917754882 0.2077653878176707 -0.026362326809685265 -0.06111688738408718 -0.012938585191240158 -0.2309243623698248 0.006559207117210017 -0.06115080289172859 0.13319819491829116 -0.1657357202568159 -0.28265326818105013 0.016497842731467295 0.040197483765525024 -0.11168984482192382
82 -0.018936613744623937 -0.062116136942297305 -0.05632316559524855 -0.08597227542813021 0.2374130600079233 -0.0451286788771099 -0.1966124659600022 0.13690238589765133 0.036097317962702095 -0.15690038883385973 0.11231661637060701 0.06407400093488931 0.13063998192622922 -0.15961990210140456 0.047530757197117315 0.17803351058782077 -0.20713345614577788 -0.16516568382443045 0.1326172658722329 0.00845062784192761
83 0.13421307556850307 0.021904785641051458 -0.0467167218625393 -0.0008827638331988099 0.11713499741877942 0.1272246221753471 0.13411528449224727 -0.14006009292455643 0.1319277122649272 -0.05608283084116612 0.2034364732688843 -0.17382878304471872 -0.10097163738281605 0.15826354618865368 -0.25340356923838875 -0.27728734327477256 -0.009239164875644572 0.12026968090725021 -0.111506283078412 -0.12994768392354555
84 0.06394695820927879 -0.15446314989218726 -0.07237192443405722 0.12531365296044833 0.21140391364114045 -0.050473815202998935 0.08771703248103375 0.049991387541602664 0.014121103619502914 -0.22035200152875517 -0.11809619549817557 0.20074155524920437 -0.06649153646962401 -0.03267771050290837 -0.1234461374472764 0.06668534524293493 -0.04068833710230474 -0.07014146669635445 -0.10366789652410247 -0.0762825783192927
85 0.09727509475309956 -0.010895954770966889 -0.04241215725033972 0.10191030453949888 -0.10026572471920328 0.08026977746650384 0.19079350638472964 -0.018413650271032075 0.10874092053350894 -0.07311966984905464 -0.26552632035122187 0.11576850965952101 -0.1409833844606393 -0.07316255715264004 -0.050995820598420956 0.2608508027034325 -0.09351532313463469 -0.20700565733152443 0.236363361865966 0.09285410764791044
86 -0.055771191425299 -0.18083158288276469 0.031279887238370815 0.09422060875973447 -0.05643998242859744 0.012265752479903894 -0.016060610481000336 0.02865602641137802 -0.10620003751973854 -0.16111097557247464 0.1294552603639377 -0.09058596030710966 0.06456582309692215 0.25811612493914265 0.10923364273949142 0.1181104833827278 0.11422036179835764 -0.15170132423404645 0.09922021201011501 0.14028314074460033
87 0.008460501312765796 0.06249870743512199 -0.1597031761368005 -0.007257363761375322 -0.09767861576614273 -0.058522509269211126 -0.15730388396302963 -0.04123448220407517 0.2787687437641914 0.09148466432121947 0.2823827647189738 0.2843325766942504 -0.16500301802546732 -0.028609157406032194 0.2259555971086365 0.04759065290210976 -0.04710056725671933 0.016595856106937368 0.2780932565557949 0.09762379712920012
88 0.057445063272457006 0.15059479323359698 -0.12971040118071694 0.09175836647920173 -0.003704881852782378 0.1748044671702325 0.2214574125403498 0.03899191259786254 -0.16663470117218546 0.045399174603145534 -0.2405256702031301 0.1168447954932955 -0.03162735085154573 0.20193908665623828 0.032240538762126916 0.10944455662633429 0.06128912071623222 -0.22219999100742688 -0.2082614589418369 -0.04399748254622638
89 -0.02917864362441003 -0.22367209026924376 -0.01554636039202579 -0.2387324778507429 -0.04659340429248014 0.10001086278481952 -0.01321725631280806 -0.1655035250214968 -0.02643723545211055 0.20286812777445998 -0.022242518070284215 0.24953029590739473 0.04609624837441763 -0.09853220288471365 -0.015083326998558 -0.04123830808761143 -0.11250505658123029 0.00379099549512647 0.03802358987707079 -0.059277359167071456
90 -0.02190481790587171 0.0037396931241893724 0.20979601497959546 -0.1459532848177817 0.27823706206021914 0.08945024284054026 0.07403430611778447 -0.03437249370882522 -0.15518547715606046 0.27884482997973914 -0.04718738810857808 -0.04679598901792955 -0.0171961529000731 0.23865682559601362 0.045646247043274926 -0.09091550038190928 -0.050119771447326954 -0.21619406711459022 -0.17445194849509588 -0.06854143106755857
91 0.028885459609999175 0.017172193227265795 -0.03945300695532237 -0.09474034271675318 -0.25215632762378776 0.0242585226994307 -0.03147872174571008 -0.1422509097431912 0.22843754859653018 0.1712195585267407 0.07305952906645732 -0.004093629895718888 -0.07198309449254417 -0.018614643913087158 -0.007071761017271542 -0.01977984794258456 -0.007902893312188554 0.05535176195375201 -0.03431817505304291 -0.005965784043925381
92 -0.07286974402409623 0.05388973091320672 0.08655673067029354 0.11675610232160996 0.13243305577906575 0.056912528654311595 0.04148046783243156 -0.09328065889712545 0.07407469074305233 0.009367739312596782 -0.029419983854591093 0.18685515440229453 0.12463927713330314 -0.009206041797469436 -0.06963599206732411 -0.09581206930936922 -0.17214675195423063 -0.08735262685681622 0.1479383568108437 -0.10183785858988158
93 0.1135332720604004 -0.28896302835119475 0.034236323366314395 0.0757979173390919 -0.12531328344180007 0.02635593472800104 0.18659907906495315 0.1087192016205584 -0.08626897005959167 0.04767275308254322 -0.020785086985872916 0.0321975056112684 -0.046417422403607016 0.23244657191346993 0.03764287550161859 -0.036921444619204775 0.0151302605447692 -0.12737984154524776 -0.15122339003005564 0.34821738120888324
94 0.18454368807632116 0.1667657179936847 -0.06090858941312131 0.05496473807110727 -0.12100333963554448 -0.014336391814345354 0.046681603995621525 -0.0965623524446692 -0.08312503814469875 -0.015483390971621186 -0.1351399950140632 -0.05785840126161287 0.020819003586585758 -0.10007199419531407 -0.15811902207956016 -0.33105973522720217 0.2039271419052545 0.10442593095310194 -0.05204864830407215 0.19378282052732318
95 -0.06799250116883845 -0.024434663377861054 -0.1722504848529207 0.08761336000127054 -0.2360650254606962 0.03877825208986082 0.20685400467596313 -0.0177816140559445 -0.041002479304346966 0.04274687827659937 -0.15989779120878636 0.05111378472857241 0.047191568848061666 -0.12880834211230535 0.1701201021618953 0.009804696977517647 -0.08650450944069835 -0.14695693533569565 0.3039494489509911 -0.07255813241526145
96 0.027017267160940755 -0.043294327640384156 0.16144414607424984 0.057517512663924 -0.006710892484963236 0.07766514016955799 -0.24408247206723094 -0.1700586470876683 -0.008159445903025189 0.01965537203721378 0.1471262425168704 0.13880417458654531 0.12630829374218175 -0.15591011311323838 -0.21883968637633852 0.13916433887412724 0.28414077073301336 0.025864679166791662 -0.014296059841585313 -0.046036584133329686
97 0.06731841255798278 -0.015030515643024898 -0.023080648990149624 -0.05152862712144615 0.10314271701357745 -0.06071522774785716 -0.2320176250813473 -0.10186815779951429 0.03565468300753764 -0.09195281441102893 0.04881139376556915 -0.09129727872877152 -0.028815134641070165 0.006975509212898257 0.015127431088152654 0.24999562788907576 0.08751695664535827 -0.13691980462478973 -0.11149421322758715 0.015255925170979016
98 -0.22592868014117073 0.11162210859813611 0.021290096132746808 0.13607190589843154 -0.05547686567610454 -0.09120133521026648 0.1714216893290187 0.03162516120825588 -0.09368122924040687 0.20963142177182018 -0.08593726788609324 0.24859829993803964 0.14876259093213734 0.1286927433161801 -0.08332880255618118 -0.15839720790109568 0.09934215673656728 -0.18324737879925143 -0.013499897065232946 0.19984219513978393
99 -0.07873254585113058 0.05085918791071232 -0.12157926955188816 0.0070812896692959044 0.2791140121577632 0.19687118548914426 0.12788883201872486 -0.0501913232118575 0.0804938079539764 0.043057257157258534 0.23346579782982368 0.09965149948984696 -0.1823836862189613 0.022716112236437196 -0.14073550671197269 -0.26588258982953433 -0.020736192924026137 -0.11295737280330025 -0.12389144453213442 0.05345843405891225
100 -0.10740984348051796 -0.07382177205460243 0.028052792116589415 0.025601094402300354 -0.16466785027410513 -0.21087442321494568 0.12025660457177029 -0.13412844971741436 0.09019869799272695 -0.003044852987014899 0.06620258880503624 -0.01745878791970444 0.08432107877518169 0.060349129736601 -0.10071783925082686 0.09000877227451691 -0.03692926373388249 0.047228756206897676 -0.2637343080795144 0.12919283424558797
101 0.0778881775505819 0.13704459033617344 -0.13042798533191347 0.12786604270878474 -0.009712067653049043 0.18262214838931715 0.011927487528901904 -0.019831975156909525 0.042585334845291346 0.11121861143119174 0.12120616138937822 -0.10709850805901734 0.019304202756569768 0.09355024968521983 -0.19858949684644653 0.06935968452327167 0.3463976843586626 -0.2079962894203919 0.04115348318736782 -0.018369759394305598
102 -0.1957714116501665 0.30829235719690057 0.04760201705695579 0.016106207068710188 0.002294793303885985 0.03185638520328837 0.04622475445225351 -0.15908159374982003 0.05596002430478755 -0.11263797497653041 -0.15242255083215508 0.03961900891827727 0.2746371222683007 0.03671518888027989 -0.15947954294212544 -0.018896085627682583 -0.16247319961384663 -0.05289265875420111 -0.033303274253731495 0.027174701871490944
103 -0.16094177524309958 -0.0671058729906383 0.10309205563324217 -0.22493202798932244 -0.17489403431044864 0.11320040640084714 -0.08317137712833884 0.10908401955815397 0.1758021237460386 0.1306132905234782 0.23316978473373415 -0.0948498818228684 0.056469673517700526 0.18526161611922995 -0.20425658793423832 -0.07513175558470764 0.10346044615706988 -0.18594086277720528 0.1922353342113834 0.15569223072631494
104 -0.010931050577128669 0.11664341688043373 0.05549638055162201 0.007772976119783451 0.08620540880793492 0.032874554122311266 0.1600896872075538 0.02548278637943408 -0.05222913553036966 -0.010011209458089695 -0.04040220660381191 0.025045930149417407 -0.23261448022396472 0.10667564736847258 -0.2019664910221469 -0.029404673550881198 -0.14687920431848311 -0.004683732581791079 -0.13482281840930774 0.14333425807936429
105 0.019042203484857353 -0.018832020346108872 -0.320829987447459 0.0387948365240237 0.29702213578833186 -0.05110530765069379 -0.22705524831324678 -0.17344738506250854 0.09511382221023648 -0.0007983540475198577 -0.1711651439738283 -0.24291643159755694 -0.06846232802285455 -0.13539075078366844 -0.20966500135563904 0.0518597098683072 0.10937760320329849 -0.0030470328878775847 0.09999367472848308 0.09328901796464013
106 -0.04471735952315063 -0.0002805989046617785 -0.09842196020191045 0.09211832951704994 0.045005527355552924 0.01004382739406316 -0.311165962731637 0.12473615431241757 -0.04691894548388434 0.06950425000037036 0.21992006983162155 -0.09329922892254026 -0.11569269974148229 -0.32126812991211967 -0.08008381791250255 -0.04134676539157858 -0.2766892259590229 -0.1178252706859031 -0.09340771376748501 0.07580405042655504
107 0.004173929156027545 -0.11074976703454553 -0.1880033343281085 -0.08901636934731773 0.08925166048253479 0.11060071524996637 0.0683469911550437 0.04465891053953664 0.061195605313509385 0.021679296831331185 0.01613604708971682 0.11277581598441211 -0.08259228423222555 -0.056966502381287365 0.0593457538794341 -0.1509994397622923 -0.11414705109843462 0.040950218253655454 -0.0911232866231335 0.13316397427037643
108 0.07812837220380325 0.002097060007513213 0.09885006831583547 -0.05468214560034061 -0.09351888922766763 -0.040174182604985224 0.09947547844317249 -0.07696542716936149 -0.01320861813323079 -0.10032666107778426 0.09642926319274703 0.14658117491755268 -0.13254746538986156 -0.051039015748091485 -0.22788908244859796 0.039033590709611016 0.2539557621285567 -0.07486051118201544 -0.026668167673293726 -0.019075963839481427
109 -0.10187767462186445 0.0210352035009373 0.1375811484998032 0.2527676831145187 -0.08007738756843157 0.041577334960468816 0.0844288823239276 0.06994340968967742 0.021061318471027383 -0.14704480153605284 0.03141373608515803 0.03791450838636655 0.15732840353428718 0.07892612728543368 0.11605093568731255 -0.13872375297511547 -0.23478471687418476 0.09621243077902497 0.0148029493572162 -0.02266938597385276
110 -0.07580424904994257 -0.040715104173400456 0.21539889993200664 0.2252430777644306 0.10383216536763581 0.06551552080620239 -0.1518474156458213 0.03328061021729545 -0.11543550842556477 -0.07056772448974188 0.19449334299167084 0.052722266947340904 0.14047858736787697 -0.10268732106899058 -0.0003101616404503989 0.0231954245603002 -0.18098151372698976 0.05888443088486755 -0.02690407241683134 -0.15149532286571044
111 -0.03336349328110337 0.0060679070642208986 0.27202164169985066 0.031921416755676495 -0.1254579735530987 0.004693422448222282 -0.1527214210743564 -0.051274155503561944 0.04474975811528825 -0.07156478632385958 -0.029741225506695515 -0.09943149995863758 0.13455189147061866 -0.20813112067037448 -0.03885850441802348 0.12565682656694702 -0.06754972734068378 -0.06339601492025229 0.05104276843022103 -0.12333304481708274
112 0.1049078032925434 0.057841174007427054 0.13245784777618724 0.3380716657562432 -0.12151569656433305 0.0020643878044544713 -0.010502391495971156 0.02620127046063374 0.1766092394664252 -0.10520275714900901 -0.1235502432390319 0.006811939155794647 0.12244566474705752 -0.1207677751762949 0.2505264148432181 -0.10435906153536227 -0.22565577617027313 0.11351555952755032 -0.0001156236009355219 -0.06567778013638294
113 -0.09744245602069287 0.11737792951917389 -0.00899596235968528 -0.08764012120797955 0.05768924822593674 0.22365886104420993 -0.3017885331381507 0.1343470807591586 -0.04107616659536543 -0.3474863221791161 -0.20703038971682017 -0.1570953150855168 -0.07637786021388043 -0.04159140561784587 -0.030957349571323935 0.060663367653019176 0.12440103907601938 0.19513350336460003 -0.028792204650644082 0.18855754662274316
114 -0.11914911533988842 0.10110055648780185 0.04717447223981078 -0.08744603458548132 0.0520550762297433 0.02215195355458943 -0.2779388764241147 0.19105056484142416 -0.10989372596186556 0.2403216831045688 0.08306756156292418 -0.01289877715893032 -0.15519213582672145 -0.01531860798591671 -0.17939398749294486 0.0759096673671476 0.13887535993218714 0.038674691134056534 0.0641323847640563 0.005594067458092083
115 0.028779425149869833 -0.12144487459718953 0.19795374314599598 -0.2565155506796129 0.05209345838596275 0.006556865306156741 0.17794213009910004 0.17527624317690452 -0.15311123228254553 0.0965616940396414 -0.3039980095493255 -0.10675652667648733 -0.030233519623641295 -0.18875755050909784 -0.1464628081207418 -0.05916091317603278 0.08283867706387754 -0.10166786993204709 -0.006113892515312072 0.3146744721747397
116 -0.19151433244112737 -0.02767290359851943 0.2184049384994855 -0.004222508966818126 -0.020985303160635425 -0.030220652896486424 0.06656160807303083 0.03589473412303272 -0.03267882955872782 0.013478752738260456 -0.27451963892084513 0.023183182771484765 0.07243672625482488 0.014681390454169113 -0.1177287069706774 0.218152721280037 0.14783779158255556 -0.09922959653092206 -0.1871574312435584 -0.16925234814266962
117 -0.028904754575307036 -0.2224428458730495 -0.09061507438472519 -0.09090795668195627 0.05280285572221653 0.18609413860347077 -0.05515780176315816 0.05562668278629842 0.06296319536442664 0.17992538430646737 -0.061496943514941046 0.13024486132416624 -0.010107562063970475 -0.05967372613265889 -0.08053396881608041 -0.18457574864472154 -0.12360606870696172 0.07896554011539673 -0.1057402880510517 -0.1529505675739394
118 -0.04719281003476061 -0.020949896654502746 -0.13456134164225447 0.002121693490668434 0.045704872467629803 -0.1324561648355764 -0.14099914962212537 -0.024163475953659752 -0.15672133245988765 -0.05978499909658552 -0.29423274060386173 -0.01570043991461858 -0.15464252310322754 0.03521481145067825 0.07127798550014684 -0.005523768906800223 0.060402134014384753 -0.05009166234083181 0.03189384389253397 0.04190833446745182
119 0.04325204802157437 0.042208027653017795 -0.02088332746481573 0.06204777239390563 -0.23711783521008833 -0.0852666471166729 0.15295271413519737 0.10468123646616653 -0.08072905758840496 -0.1969140284440577 -0.12800062109248986 0.16716392871978578 -0.17868344251999943 -0.015998651775877382 -0.18468904729348148 -0.04812844772858121 0.12968931625266317 -0.09137101658123231 -0.002203854549235542 0.010372308061978404
120 0.0010185651654659228 0.029094887212703993 0.10090312958110119 -0.16606941958731528 0.21801265875041523 -0.20131101642017976 -0.10824946095308004 -0.23927927846250224 0.10439957246318592 0.03278008272610564 0.08456104523124554 -0.031523699169091104 0.07457222716708238 0.14500108463283498 0.04159236841967369 -0.027537079175426894 0.14379411245562349 0.16215591830099546 -0.057987450636906246 0.12998936748399717
121 -0.1724931009717554 0.24434801263049405 -0.027342110290233687 -0.10036248211468049 0.0023875300636195503 0.15737772003614325 -0.09143781961092223 -0.29835223369886493 -0.03899973903460491 0.038035315973137536 0.30638939656883374 -0.11215621636865998 0.31680801652226104 0.09729123080564044 0.10977480736604209 -0.11133312861020873 -0.12103367763066301 0.23958807620542807 -0.1628132929146058 0.09102088804004856
122 -0.12789889396435514 -0.15083737941743153 -0.09188614418080636 0.019429864417553035 0.05279911857372933 -0.07336445666481793 -0.17444537267928875 0.07040696122076613 -0.07219020692464005 0.28067647050283995 0.09995811539874302 -0.008210852564579445 0.10869998614779051 -0.1107082140450482 -0.06408862716172199 -0.042160346528182256 0.28543737049560136 -0.1530125821905618 -0.05412138617643085 0.042693861385726374
123 0.26925087658646507 -0.018944637290663514 0.04581896993549019 0.23019225916749847 0.01560432533941019 -0.1318354033352948 -0.008620655693088041 0.07088614060970753 -0.0033035013611055677 -0.03238561102557392 -0.13080522652276536 -0.05142137938273478 0.031035332079917734 0.1759420953361375 -0.13695285378998417 0.006276714608596894 -0.014370270502430251 0.10468993015418528 -0.16740097892106642 -0.1270688759411926
124 0.1516023343200364 -0.18262423722021298 0.07747475329559807 -0.01584812836416279 0.04122679154941752 0.026071386121422128 -0.08409600678512673 0.01957040521505082 -0.022540526732281733 0.06065609467926127 -0.0553825582004376 0.40855696298946875 -0.0010670519028891357 -0.0025776618007867782 0.016639757875677934 -0.106293209291533 0.09111854482691549 0.04571349680516685 -0.07163984780698371 0.008068460327896008
125 -0.0012369639911532435 0.2493751858980855 0.06341667403244866 0.160590606848744 0.04159238559172289 0.23017253841403104 0.03978812540085248 -0.12227141962248636 0.125089621536853 -0.22752186237726651 0.07109226930679553 0.06777616956017429 0.09964451979375138 -0.10760316063404597 0.08372289789389235 -0.02053247136277934 -0.029349084805332947 0.1417111124173003 0.15225206894021223 -0.16074010837850078
126 -0.05144804065904921 0.04492146381355545 0.12015911707457846 0.16219477993380516 0.25290352432774477 -0.10943987036066861 0.002680812871468042 -0.14997965726106133 0.0187009134002069 -0.09955950065915325 0.002046949079253108 0.015863819499175213 -0.04634149275216221 -0.12257036781976602 0.0008104258063527815 -0.07755883370011449 0.004998088715838296 0.060997702125822104 -0.0387207866403043 0.1176022953618752
127 -0.015580334481317107 -0.02269563302185017 0.10634793067739601 -0.15309716059604725 -0.23334731946382326 0.01067226451887415 -0.01481938163712701 -0.09270746298755532 0.11386123402555504 -0.029269584082489288 -0.05666203175574899 0.19067670460370667 0.01429917659549875 -0.145703571426559 0.09848677469003503 0.12310634859268633 -0.15865129232209232 -0.1207072877013101 -0.05737711314073265 -0.011718433518692612
128 -0.12222325572183486 0.06128100255030258 -0.08085969074657323 -0.17357669688655358 -0.09384764361942137 0.20860057197859205 -0.04366004360264083 0.09159279448639505 -0.01914701233811895 -0.12505153571200142 -0.0923503873363201 -0.06334912345556604 0.017066276982539506 -0.23176523069396082 -0.06936801722509808 -0.26615612976587577 0.1098380175874533 -0.01307479470837789 -0.04192833156645301 0.014905228961827275
129 0.12204664800221263 -0.1071917395885337 0.13114333130109268 0.003534519129179823 -0.04554757743877678 -0.1018677037567868 -0.3377509449941693 -0.0008488399457614305 0.25121624670038134 -0.06991067690730213 -0.09649725790464436 0.015516673728918249 0.0980899740518827 -0.06537017028752529 0.026262501382085898 0.01333849811740673 0.14624135636615918 0.08413609360875063 -0.009121727834490256 -0.06348055419060458
130 0.29990310918433816 0.019947941594507485 0.22088433667333515 0.031201381472701496 0.024998353266514034 0.041122602017920826 0.09784920815229523 0.11887063241842236 0.1389366651694867 -0.04459814054676303 -0.0885268099955742 -0.20470312122511083 0.11588580609799022 -0.1551375393381743 0.09090222584360888 -0.254460405680614 0.17682434163782748 0.07125410103706038 0.10344005623681994 0.11913113620893695
131 0.04523004614066238 -0.10800569193162993 0.20626066433927803 -0.12295240823842578 -0.2378999819157512 0.11712604753468871 0.13881518103738755 -0.0845726119288221 -0.11647368854393017 0.08996335677011605 -0.2102347751032578 0.117321341760098 -0.04963754979145326 0.10981646751997852 -0.06486778280545237 -0.09758655786966974 -0.0996553651332485 0.04794735193571609 -0.17601786334767544 0.014497738929995452
132 0.041350887078852976 -0.048103672462568976 -0.1372494485161802 -0.08550575692235861 0.04205212413824946 -0.030211043427223843 0.09422859575212358 0.0616656529458612 0.1465236457863641 -0.21382462782609318 0.06218367367117569 -0.0016747948915305155 -0.0838587064418712 0.04417036815257412 -0.0009634133839738833 -0.013259894262293601 0.2067999688404603 0.006012819822384193 0.10135025393234573 -0.00895913392454146
133 -0.09783502181575611 0.05815660071394709 0.2483216955018796 0.2030766652116493 -0.17629099896554878 -0.1582656306163601 -0.11505667300383954 0.15141288246654858 -0.1533236253737646 -0.1971137952276228 0.011526383023515177 -0.10982207314201456 0.07690280254764299 -0.05577548846264734 -0.13371017623440973 0.2314642385918177 0.17200536198927166 0.04717330711258436 -0.1150682701085648 -0.023037735644142177
134 -0.03531264612005204 0.026313252549769284 -0.05112726879970691 -0.09196939439399998 -0.013702159510399959 0.025788771245607522 0.07796834008741702 -0.08640912176425238 -0.06591041813317479 0.03490704670862608 -0.042130458854952806 0.12849682177240318 -0.05385770260914321 -0.08459558864255146 0.1241399871882728 0.04309805944030263 0.21876973641423486 -0.0654258198615816 0.1343919984427576 -0.06477111484969639
135 -0.034981770558834946 0.13705794700146717 0.029612003530152184 -0.09119233164209016 0.03215501141259848 0.22344640194940477 -0.045542961725983266 0.07075700418193917 -0.1773735215848115 0.01433929670331925 0.19567475248226956 -0.025826552196154394 0.015035860714412097 -0.07222448225050482 -0.13782220314182686 -0.2386372474390564 0.007100604883029094 0.12076878679473145 -0.008426870649803684 0.03180232740290817
136 -0.12935699390911756 0.21284891569543168 -0.06236971899288735 0.16127504096905057 0.1499384665538806 0.0997826693340764 -0.045214647142661324 0.10381997627464604 -0.08500777995534779 0.026547339881721557 0.01493092627566654 -0.014340921115454609 0.13135035192934344 0.07204359724674513 -0.15437754299676046 -0.05108353728177421 0.0074405813219864175 0.07075255601016887 0.1268153722667945 0.11919832458192871
137 0.16357703267648913 -0.14747300632058072 0.02022748516425985 0.13000115005382945 -0.17475085865784554 -0.24723565659807592 -0.07564584898490631 -0.16301034511192078 0.2748140908198058 0.001951623478495565 0.021208832049785947 -0.07882130788364075 0.10106903861041831 -0.1565486511293459 -0.11084539181542423 0.06334193843984393 0.17812378861319664 0.09316615742215077 -0.2144061356532785 -0.15290913463980296
138 0.012262312626001616 0.09329017193574063 -0.04801396327498104 -0.12298557036203586 -0.14459631201995696 0.08899246479993554 -0.23768078935074585 -0.020934883067570343 -0.2519309015957153 -0.10289294992845859 -0.015099668374789073 -0.014238782882032642 -0.05140720541901433 0.1191400901708855 0.15537079780727153 0.05614652733046579 0.08632530785297834 -0.19933586174621218 -0.040458361856140476 -0.020804466745655028
139 0.07526831344810216 -0.1683376051221131 -0.06620037082798838 -0.14837729892680598 -0.16340927692308957 0.006855125711362035 -0.29174820746981506 -0.1464338045307382 0.206259576981384 0.11513650186793577 0.161359631008418 -0.1297887623224631 -0.27003340729629677 0.17570874823194185 0.04840430120758103 0.048165363354031765 -0.12061412607005746 0.043271895672686675 0.013273800136122485 -0.0066681106794951196
140 0.0036769270183432063 -0.06622462361691989 -0.08063338749469674 -0.03260827928172732 0.019644623885521857 -0.24515077495502866 -0.05749732716598131 0.024585196964098402 0.1420524688005133 0.20840130040923074 0.06674117543386064 0.07403525391051369 0.11389987569199952 0.03590957716215461 0.17693213870867608 -0.01037019017748748 -0.04088364151785753 0.23426809043876665 -0.013195956741407004 0.11281522940472914
141 0.012994132496461697 -0.11036055877149577 -0.16418619747938717 -0.0827386516368728 -0.02116087757868206 -0.039183323178915395 0.13959985349412382 -0.0043913266225524186 0.08591552992457183 -0.13054506778443303 0.0396050092381167 0.011301413903933036 0.2121106350289213 0.11681642112695069 -0.27914205737059405 0.16947958716599262 0.1287089288548678 0.027421451718295315 0.02238042353342101 -0.22788702054358223
142 0.010758333755846132 0.2721930533347426 -0.044671319534835316 -0.1303889931806975 0.25246843190748913 -0.0758745909119517 0.052740016170266954 -0.08409228551363769 -0.14185322620667323 -0.21304975144658028 -0.03963040781913274 -0.07384986179979602 0.02400802989046323 -0.03840996323205147 -0.2620084458145389 0.04251459085905966 0.04335566765091561 0.23715532016560353 -0.15479246222644202 -0.1991301288107163
143 -0.06615071287982249 0.0654252341591981 -0.07612235783807036 0.23264998719096627 -0.15243946950881399 -0.06935595512078314 0.059747948379598646 -0.00943718414586685 0.012720101230436038 0.07083834082113352 0.14106328371108953 -0.11669278180254063 0.015278551843280804 -0.06151094251910113 -0.008165691441466248 0.028561352286560433 -0.11606103787996663 0.038658822348590284 -0.021962744350359546 0.13096083377985007
144 -0.11959710840374772 0.28701657689004667 -0.12025540874512408 0.04300827435235449 0.0029368337611823366 0.15693482122262384 0.01338309064823597 0.039998360327613315 -0.0790438147783355 0.09134488468832014 -0.22695802960420847 -0.10495009793212899 0.04930090824177077 -0.29920924762584283 0.03978985152346652 -0.0675914397224761 -0.24660413331867256 -0.04626932842979311 -0.2220872073944085 0.14642182221997072
145 0.07801370648066931 0.018115668535764597 -0.11460654170041679 -0.037257837176506825 0.006656356343773979 -0.3019498680513537 -0.018245884563132007 0.06843100722250828 -0.0001492311530861705 0.0067190174045479705 0.05333570510497315 -0.03777865234874044 -0.23746191446314616 0.03513212134634157 0.15360209103810557 -0.06522606984665204 -0.1951487855704025 -0.09430703913722321 -0.11781865507937189 -0.09011428590491138
146 0.1194145521901857 -0.17488376174275294 -0.06381172983556656 0.004051573418908821 0.022353601080406453 -0.04168783795322124 0.13440495151977164 0.19053133086575086 0.2248374069219484 0.03719904207014991 0.014469915502064357 -0.0793744484382612 0.020848865919828503 0.020149047228003005 -0.010001407338622963 -0.16151688599412214 0.13029367108525236 0.19233409892141448 0.051065250090854705 -0.04249498071646461
147 -0.1727322388915726 -0.10743980644576752 -0.06078358557811849 0.04836397695517955 -0.17973684629850997 0.08210747574453499 0.03088099622825036 0.022885609347446264 0.1458412720113207 0.04780155931291689 -0.020894119603596068 -0.13302016476944378 0.11697217330528603 0.017875336172062092 0.06741716849632763 -0.017982150602641293 -0.1699660063065989 0.02775153259303472 -0.20554123229646593 0.020230413946292377
148 0.0002859273477239997 -0.11180362023281305 0.015686399788165654 -0.24850609887789782 -0.07202981623266702 -0.156489040933274 0.12437682188874775 0.11542520190028197 0.061510960941487565 -0.1575579905520201 0.17021550046510614 -0.09806272681815648 -0.08566342514033683 0.04471144341785366 0.05071203852970175 -0.011768797793059475 -0.23180447958736553 -0.05254416560757388 -0.08816216852190162 -0.07497188217607087
149 -0.026396831973619146 -0.19138928734680502 -0.01500067868960168 0.20297118245328444 0.2444252506371 0.17348046353855157 0.09647794798955595 -0.2693046232746462 0.04218372481934366 0.04646669376629373 0.2822260974167311 -0.07664253652005591 0.028485888906011527 0.02475243772752357 0.0500059673001859 -0.05233073299405591 -0.07614727567767739 9.239031193195691e-05 -0.16615342595987537 -0.04041341503840071
150 -0.009315304156024497 -0.013462309757871578 0.07984784803107181 -0.004955405327528008 0.1401898085907326 0.09316041559481601 -0.11653305996853221 -0.001771786608377538 -0.15018185520454122 0.0913860981465428 0.14150080594590525 0.025506303014443663 -0.06785293265886211 -0.27315305588931527 -0.13044218082639053 -0.06881205670559226 -0.06296709373463898 -0.0714059371313538 0.049418570337003184 0.03683414808324416
151 -0.08835660606831904 0.02303498355933028 0.1474313205524503 -0.013987065627388684 -0.026273143665439026 -0.07939889310579955 0.047324822898757175 -0.22059743221825825 0.03302517317042763 0.06106069502317796 -0.09427308964975926 0.03746363766398642 0.33762176370895747 -0.06064803929384622 -0.05018866794495623 -0.11653979931928883 0.09313513268151793 -0.03725103731351131 -0.054173427559909 0.21847156092127373
152 0.11649432523864328 0.22195137921184244 -0.01191174805459471 -0.09173538934250793 -0.24818156112508913 -0.13148443739313587 0.15958690846545232 -0.04077914792297004 -0.10548765398295142 -0.1522947220224527 -0.1106533300283972 0.009480142119478646 0.06233749665855732 0.3624921385111222 -0.06978729798986538 0.04198023645875397 0.09840982396730036 0.032211533237001044 -0.01803725110524787 -0.0027021379339871093
153 -0.029319924900861945 0.04705448304716415 -0.07046890572395657 0.00037867744269498045 -0.09727508957270532 0.12120211536778819 -0.17854818962455826 -0.018553189104325775 -0.20490228097528557 0.1610236616867376 0.15212725287106718 -0.003594214719936558 -0.023600698799115593 0.15566389918066192 -0.15875681214099088 0.11651684941963002 -0.054892222652591846 -0.11704465391847749 -0.0799779081578349 -0.012712809854204045
154 -0.027727913986873017 -0.14774633754346647 -0.015828063264843973 -0.0070974162306921195 0.06056366188372924 -0.002653620722125273 0.12168272899238236 -0.20149079384514454 -0.11985233489722816 -0.05431961549843419 0.03047308987710549 0.030437459300627582 0.06935405183948022 -0.3304218304397608 0.09680490561065448 0.049885214104329015 0.1508480795427132 0.14304657312361196 -0.060616886095982814 -0.03383837058346948
155 0.16043237127079413 -0.019909341271685525 0.06967780434487561 0.18689221474508513 0.06878596726083179 0.09517280313283459 -0.18489130212560395 -0.02877700338569279 -0.09849340526115377 0.1642766315942187 0.16332015393269148 -0.022975641279792524 -0.10286268724758914 0.1414932944865057 0.1235090363094417 0.09393668726443408 0.10551923319225122 -0.08545507379626834 0.14629857335300758 0.018940426030283633
156 -0.2702262221381998 -0.044262893856691694 -0.03362913112039541 -0.1286273559740541 -0.16528733657040498 -0.031068351876551957 0.18551211078607524 -0.045115939842579694 0.14899571961484986 -0.006461871423703654 0.10818519773297229 0.044210730494651865 0.18338262096649396 -0.1567159269055603 -0.5 0.11000857332997316 -0.08633537845196458 -0.0565330304104722 -0.1271595851133233 -0.35052923020051757
157 -0.08843036051263896 -0.08188298535491151 0.049669814086484076 -0.07539027968247182 -0.014371051621952768 0.07819176458120232 0.12758625682936037 -0.005766194513747107 0.2061024501913589 0.09142109765615967 0.053761109875799684 0.10037212948723556 -0.05444874304276477 0.1177860183865341 0.0009137341204620017 -0.1002090990492726 -0.03649017600258864 0.11126641137137624 0.050858677755394814 0.08689078844816417
158 -0.15422119878569324 0.02868126240268889 -0.13662475743012834 -0.21158889283390958 -0.06740863296724044 0.16218688065684056 -0.31929451802529935 -0.317895443717222 -0.06561153921137637 -0.1848931885237934 0.07736720341415505 -0.04912870432783015 -0.05686750606993046 0.21086208264798764 0.08788472786025164 -0.13317133830256983 -0.21142437217338192 0.04369308215880792 0.00794556733574056 0.03788003578244425
159 0.0043680757968864205 -0.028179315038752022 0.07102452109348668 0.14331435789523156 0.0776523579801452 -0.15957496473108254 0.07894472949904832 0.10925460634994037 0.18254980417243025 -0.09015943934907888 0.10892016740276377 0.1697210694219893 0.03970318317060313 -0.041541540459371716 -0.1709961369896124 -0.14553641025678343 -0.08031910222241676 -0.20547180446457647 0.13151820436256031 -0.18530555926808417
160 0.16284543558763423 0.15051348339196477 -0.02013226188851787 0.1609035131051477 -0.10853481546860122 0.052520073683704975 -0.12416093184886647 0.05242261118774799 0.03078438616940583 0.038857956917566064 -0.042832542727134874 -0.08555996626619111 -0.07748959891847682 0.20257854121406657 -0.10906309071782329 -0.01737995854602938 -0.01219463943682966 -0.08878184604749009 0.34264563808246656 -0.05126317083869456
161 0.27887822538039175 0.050664124896020846 0.1487043759008526 0.28382334431462625 -0.007677293525865768 -0.04689687447697658 0.0037262124691301414 0.07220670441267546 -0.22676779379664352 0.029660629557793017 0.020123334727461684 0.1425457048254931 -0.006185253362902195 -0.1396567739805778 0.10593277822629077 -0.09410983420544802 -0.21106557583980612 0.15647565858988377 -0.15449210277160244 0.018940814663339103
162 0.023626598788231607 -0.17210924042059988 -0.21272024312788126 -0.04988029742218241 0.2304679744251124 0.23670786319289247 -0.31219480569491215 0.036584998683304844 -0.05432662186513385 0.10872042346239105 -0.13987785786769355 0.053702318383817775 0.0573461924542507 0.03205902984671016 0.10313634495883794 0.14418712522075922 -0.06944664854083955 0.08579085265643883 0.07610836012121207 -0.08130918541838143
163 -0.13572573312136751 0.10015456502329645 -0.2569576010244757 -0.1287603763468978 -0.14843097278991577 0.029334535411254015 -0.002983078172163012 -0.07465917956379918 0.10496357933355377 0.08897243007563727 -0.1467506119632466 -0.028501167754815676 0.06018963560404999 -0.20335564341606588 -0.17584472587823677 0.03668912577186719 0.13356157363778903 0.10252056076988138 0.0724532243053396 -0.12992179791215788
164 0.2681241570109077 -0.07099762750875373 -0.3456589742189191 0.08737807619840574 0.05203113603704607 0.1828286141708177 -0.08146307188340836 0.13321032740706085 -0.29330967947091596 -0.18880967334045853 -0.1033049929410844 0.23222648597393256 -0.03550871614883012 0.0744497384903936 -0.006152985968929121 0.011352700835518686 -0.021819622902941004 -0.27512351040453703 0.018041829644259617 -0.04040747548222906
165 0.13293360509638863 -0.07313494726065292 0.061236424214933666 0.07880561744574653 0.13479695092296562 0.07209809217726536 -0.05782593763020384 -0.09736275277810695 0.1950163861592385 0.10761533758032871 -0.17389343575394461 0.0693489022259226 -0.015206180343550186 -0.10694113137457613 0.16543568904212236 0.05423767323937134 -0.07974728694361054 -0.11437600110087524 0.1257901324747141 0.09982454580967168
166 -0.09222988437959745 -0.07209525342188272 0.08334495026835609 0.1613056518768535 -0.06751708392502577 -0.16896659576679246 -0.0961844292468642 -0.2178059494838555 0.12302303269824563 0.12979951302776654 -0.021682855795273605 -0.0032495163960538998 -0.1469086723028165 0.04666543443771153 -0.01865846887420256 -0.0044220908693028155 -0.06988559255083408 0.16026290383851968 0.10975122935015572 -0.00885748745956979
167 0.06843963178787758 -0.1236793656130944 -0.19058078511299206 -0.15611593840730967 -0.053532432522993514 0.05116262883172075 0.07730464559170688 -0.11190682059482723 -0.3240541576309827 -0.22462446938620562 0.012411847841828886 -0.14762694412444774 -0.04627760748706119 0.006032182327671042 -0.024704825358567828 0.13515445433460904 0.015613434807163403 -0.12133160596696768 0.10646551866816004 0.19545460053713895
168 -0.07517490284629275 0.014291725944592881 -0.0028647299679679223 -0.18084042256115537 0.04866271752501643 0.1035732670106753 -0.025194325614135586 0.09875529226030302 -0.06712649767452157 -0.10441244595470249 -0.028313434129994954 -0.0039049414863487632 -0.03706581361443496 -0.03817134752460632 0.043097041033297964 -0.19511373636094634 0.1340523052136062 -0.08864109456647225 0.09002898855877352 0.0729820727676126
169 0.08145853508131869 0.17792558811431794 0.051807652046101695 -0.3950365344666886 -0.18448145188867388 -0.08923416459205745 -0.0008734290663845342 0.3993729182854185 0.06393596671536315 -0.052350737239633495 0.026807610237418913 0.022578572489557785 0.01622167953895943 -0.0725551571579344 -0.03160199436974204 0.029110179622002835 0.15245455712756015 0.17253774376254155 0.06364290732864625 -0.18498142839926998
170 0.1047917363072742 -0.1297434156361336 -0.08806161015895911 0.07757108707195282 -0.09886101722472374 0.07450421991328364 -0.023198177420777184 -0.09273419013984957 0.036580884033282114 0.1332479083783867 0.03445747835425472 -0.07719563104303064 0.1927933370015782 0.07993744580244633 0.10904833040087895 -0.0308401630181399 0.01892834136710894 0.007524853688133499 0.1316256992217806 -0.0919168989497321
171 -0.15905522983121426 -0.0505194941290068 0.046394247141456825 -0.04909865361287015 -0.06050535647459136 -0.17141271060389843 0.014237339518633024 -0.038005764933226015 -0.07775317467276116 0.048868829541707716 0.15321984356106605 0.1904021726843103 -0.05080469140911806 -0.030454244558230103 0.0672726928834007 0.22163196250961642 -0.028858053708102644 -0.0913766508588991 0.060011990168055834 0.06705111663495146
172 0.006280325843307436 0.11254751711936692 -0.11513651238734521 0.051840778224038396 -0.04150129608074 0.0979838010081314 -0.20260186783353962 -0.19992556929480362 -0.06427051109896566 0.062085439793058875 0.02105319226541593 0.19655438752841362 -0.13621585016258825 0.34398681260717123 -0.0030493669934675417 0.17959410059688544 0.2011790276998814 0.3399440884413601 -0.10990975756592346 -0.12335406995483574
173 -0.17915329210282452 -0.04075731358928761 -0.11564652841842 -0.10872261622839798 -0.1941517083713915 -0.11941568442295092 0.11154830929666977 0.10066910890173221 0.02877867285811076 -0.034877235955289465 -0.15741558993632054 0.0866258880542656 0.08248204870206048 0.14327970311611532 -0.07237873436116246 -0.07500951446885215 -0.04356857335506175 0.230129609581005 -0.171040522876646 -0.10008829118920824
174 -0.08532488251956558 -0.01338463150478913 -0.060397675841740446 0.13900073379062333 0.0051485327243979 -0.08934796164683523 -0.19256454409845702 0.05005017058038722 0.024457004939272903 -0.11166944533734247 -0.008476977968248043 -0.0978429649446021 -0.020572567758154643 0.0014460564935073546 0.08221171340925593 0.05083847584795807 0.233237512799774 -0.16888065307464514 0.12508604826382616 -0.043953361145189794
175 0.04407202970369013 -0.2766007032177976 0.08712530164680693 0.22015039097133918 0.03971881374664884 -0.06282407519514217 -0.10889647165807781 -0.05392783212392235 0.0512015934732327 -0.09627639434298738 0.1793799335342888 0.029654690025927882 -0.04020784983288891 0.004430008445143524 0.06068244680514749 -0.0932747875497938 0.23221028082994602 0.14507903677916784 -0.14914622699423818 0.055555484509307036
176 -0.05647004538786991 0.09582216767705912 0.11060466367304919 0.013873604041554086 0.028715925245001786 0.006058789341682281 -0.1748616580432558 0.05477313505739662 -0.007578102026690806 0.0417424981904953 -0.05939967788610814 -0.1440550622410772 -0.1503879159686198 0.1433217324360476 -0.21903516711432897 -0.004431517934083977 -0.01768682106665526 -0.07367422986867264 -0.16851627347814124 -0.17467502296943754
177 -0.007457652538291965 -0.2245518039933592 0.06309847428258246 -0.14030922565674356 -0.06948750063674945 -0.09598446053847735 -0.2632835428442888 -0.11882863153109455 0.08167039384498781 -0.01095310787805713 0.21657390685302552 -0.07886909394145804 -0.12926095700218668 -0.09842774607947061 0.06104299337761843 -0.19133968249548736 -0.11708065142143372 0.23825330819195206 -0.17970920824340558 -0.06707218857572954
178 -0.1746796898543326 0.08686895347371652 0.056939884460559136 -0.16752702123231158 -0.03491012877977821 0.046780364408181445 0.2005188903428566 0.19302743103612519 0.07745088251268996 0.08099413179432217 -0.0677708535100486 0.08876466380761114 0.22159371507527706 -0.05004536391233333 0.04402600295644883 0.11133445562014077 0.24498998775371447 0.004236064969391209 0.06447017157649018 -0.18753099693731282
179 -0.012256104910345239 0.06441588880449557 -0.08156222263396173 0.12300769422970334 -0.12734733020002972 -0.16081298021913684 0.23212742151401258 -0.0460810095176574 -0.009296543161789789 0.06635258139552676 -0.11317988745198475 -0.16733424791325266 0.07514848722920599 -0.21089335256269312 -0.04236364092204326 0.02585620262934262 -0.043572679456948274 -0.17404259123148533 0.09331453851448679 -0.12292844597867879
180 0.2100404755985808 -0.42634136027598113 0.12363595409413258 -0.0972748767563714 -0.03398680554682291 0.009712396240554875 -0.058588907435930995 -0.08108700674058689 0.32181055498781835 0.017724154746699836 0.02201237697171105 0.24414665709538233 0.10434042047602719 -0.04324835384538227 0.0495193511382171 0.06157720497212055 -0.13581312249475702 0.04818180260108592 -0.0007165918128462635 -0.018526671572747417
181 -0.05987164246315089 0.1888666561464436 -0.2144866758015071 0.18803671785220522 -0.0828427505182099 0.10930540551176339 0.24453832124975622 -0.018503758763948257 0.06676895394972696 -0.35536412194625294 0.09605032476348153 -0.0003211753634012503 0.1444876635762684 0.07358686006415999 0.11045413189108158 -0.05377251285478212 -0.12078454070265088 0.19988678981087735 -0.08397274926332805 0.0641306047186341
182 0.12071394654061517 -0.005228424603924236 0.21508671474091867 0.1764279150360233 0.2250128751897662 -0.005166864480877617 0.08404880820136598 0.10502215470175158 0.3892398848677625 0.05461118451580751 0.08415989332022594 -0.1326143278818652 0.017489260645698872 -0.04686568784597843 -0.09825790368684169 0.11287968267167042 -0.0824296167672504 -0.17347286287569824 0.08902996753646202 -0.18055700932075702
183 -0.12408841226147264 -0.10602505744306508 -0.2527230878426745 0.09564702132444015 0.009475219773573025 -0.15078504028353287 -0.14472399921036944 0.08840832824180785 -0.19425652065601418 -0.07539004163041989 -0.2388997804250682 0.14619599479972015 0.028526554758537336 0.0381713581385458 0.031536607759447825 -0.045573554123632704 0.05859957427201648 0.15242476469483124 -0.024317690097709642 -0.2064788895911259
184 0.22799204178379318 -0.11465925069647398 0.07502787600932245 0.1269462765865533 -0.10379084987705611 -0.02551112647493278 -0.14206761813387064 0.22094362149438265 0.05198243658917312 -0.104857396045996 -0.13513610098611994 -0.14182782448667428 0.03918558872244764 -0.21311235933054548 -0.10853275605702253 0.34470997278723225 -0.05945021307321899 0.0831770713507494 0.0032897451981506445 0.07703503131224128
185 0.08527763960336797 0.1403211661770097 -0.07455663429726835 0.2108983617245543 0.16186252932223477 0.10054522572506285 -0.06293152978505434 0.1325335845215104 -0.2114924328132508 0.04521418135448723 -0.01831725322201185 -0.12254255130625985 -0.019384811414404266 0.08215968267642901 -0.07642608566404277 -0.02964383947737924 -0.05404155837151738 0.19637012400936937 0.1854230464536903 0.15491964243977693
186 -0.032140253461080015 -0.01617636188831298 -0.1140578522457805 0.12049125982817772 0.19227901864924588 -0.0603535412094453 0.1460528924881922 0.10766974572233617 -0.08341766085737833 -0.09901939073119653 -0.054342138835242845 -0.29252282015513137 0.021181655657891017 -0.3466296558265165 -0.04390591018481756 -0.0599290363547593 -0.1176629315643374 0.20904425348112993 0.12130389615744709 0.024622581358995088
187 -0.05135069551750474 -0.06885615806594998 0.11903268073538655 -0.032242893645983664 0.18670090993458802 -0.011745088607204999 0.2013690919305469 -0.04631028809135383 0.007754114868799182 -0.08633255448433172 -0.12207131183523035 0.3434038774989297 0.20515209887894104 -0.011915945383119634 0.15060825317514764 0.06444679638508198 -0.022614505213167907 0.08120016168150213 0.013990419614524399 -0.025584074672849608
188 -0.2816575410987723 0.28255718194569945 -0.14534787175076364 0.11111836803983388 -0.0036473231347039724 -0.10256663080184729 0.1855012696423722 -0.07024783181607157 0.18043334047164292 0.027111591954495216 0.04022341081855443 -0.23162842871560407 -0.17806234813521576 0.13918383662117784 -0.01678557680717401 0.22625051520373315 0.025808089548420034 -0.05059180425555568 -0.1982452804808638 -0.113381224859479
189 0.137783995544507 0.23529974478139512 -0.11427201072708902 0.015255380884721803 0.10537367740500492 0.02008951475895687 0.26104769318701604 -0.010753881235637554 0.13430158728907862 -0.015248354546808033 0.04037150661228804 -0.009490791505491444 -0.028112174212615627 -0.11069751104966777 0.04942792623107843 -0.21211329492412961 -0.1828590884974295 0.1323922865918999 0.14377952704310729 0.0794028026145702
190 -0.004251885356485813 0.0005750632513750038 0.0742832665598727 -0.138860024178003 0.2735922958453663 0.12117406592005092 -0.11578138498323987 0.1078037460488116 -0.13945389735800404 -0.041942771499131566 -0.013546473220227104 -0.18309527578089485 0.17123790051306137 -0.05034613622068311 -0.03378102187787511 0.07196978651264935 -0.07373778023438948 -0.11079228855478031 -0.2848359638765761 -0.09109596029738472
191 -0.13139632001154952 -0.1388859297983573 -0.1701941695607674 0.03257722044864853 -0.14649300874470725 0.00019016365509767422 -0.04707209987348957 0.06244674338227568 -0.22277115913443832 0.13255187176743058 0.06393283511248948 -0.021846026452246 0.009365082928795529 0.17466156075555325 -0.11635354020034329 0.11152085787028372 0.04145358470261463 -0.10476548574732343 -0.14440614932497703 0.21793506165124568
192 0.15793946415199056 0.19353521915868846 -0.03637537317808907 0.14269722943145538 0.07238141120762556 0.027366574573675334 0.05924896198665365 -0.07390136846293968 -0.10271262951103093 -0.07557589353439943 -0.05428131452724073 -0.20331735332403816 0.06621235629240203 -0.0502107470176262 -0.041259642001117744 -0.0636634537674941 -0.09416855811067637 -0.06436088501462213 -0.041076697148370686 0.036755440365543235
193 0.03513152597000178 -0.04597456189818973 0.047197781739301566 0.07564431805865371 0.04030964060009173 0.15135574084621192 -0.09994809375110905 0.18022829822374387 0.1866191985060427 0.1386303276097339 -0.054627725441708706 -0.22756655873967208 -0.11154476453027448 0.06916727063767499 0.36294215842380473 -0.08976234992020242 -0.11084717975967669 0.1625991503437826 -0.11719991020668874 -0.03885591181872569
194 -0.2092833166811634 -0.1293801103853269 -0.11555531261773545 0.02721463039462025 -0.2315907624584368 -0.19763504962585238 -0.054630617655577016 0.10887533321434639 0.08180651984323238 -0.17214786905695836 0.053122592599422154 0.3507191036734891 0.18172700578510076 0.0605884264451752 -0.1813682387995885 -0.009263357981142662 0.12203628067370606 0.08964097246390305 -0.013092584144073926 -0.10829851959453919
195 -0.03647666964679362 -0.12304506645638986 0.16640167700905134 -0.1063336790578887 0.033937020096772456 0.0013863957622685516 0.08239299211361553 -0.058461526945008106 -0.08429560009779712 0.13647333942399448 0.16825157969483134 0.07451910847925353 0.15744643567343633 -0.06041670184487156 -0.10643167626548877 0.06934136437801154 -0.016229207654282103 0.05525956940850839 -0.034170150628463763 -0.0648949278573577
196 -0.26448171861880326 0.009060804562820794 0.08127117870476706 -0.03583129371360216 -0.04493093975721826 -0.10916742317856512 -0.06379746792401556 0.11031257402107814 -0.21960684516184212 0.019902203306742233 -0.265526003855078 0.11363480430714047 -0.06423155577331159 0.12015880474024203 -0.2338198687882151 -0.26262718708632926 -0.018073395432707376 -0.05898848091340985 -0.08656415401807671 -0.046915428772676925
197 -0.021983736982378137 0.005800295998371697 0.02785872493869111 0.18784103512815678 0.025752934224017865 0.010030827233485032 0.20218476357823326 -0.04133602845910684 0.08051865539001272 0.09491718677586292 0.03139786010630992 0.1149619754771707 -0.1023337332396559 0.0354470942973494 -0.17202731925332648 -0.19909768406072376 -0.20543012938770827 0.1449444134260397 -0.1674507126702631 0.23075301998074504
198 0.09052227513699947 0.1217710410477556 -0.061473530940173694 -0.1861100645575794 -0.06428019958097154 -0.14566895652592993 -0.02917749604587299 -0.22380472112369684 -0.06467081174223546 -0.1425417903397432 -0.23987138790321497 -0.07832236375344893 -0.16236120736950463 0.05609215401123088 0.09543030824533037 0.16869482146778755 0.06421087410942984 0.026971171363177827 0.06783813414897966 0.022656006746228453
199 0.1453606189711538 -0.1037170581790439 0.03729173060056999 0.06345795897852365 -0.007492918580716455 0.01986364801927939 -0.10424768641122124 -0.11558635641335778 -0.035170926995113684 -0.10638862409462974 0.08995054525371043 0.0501106765115883 0.05069708030230718 0.15269883826720143 -0.15609452449159444 0.0037097677518009137 -0.08949962904922722 0.09634358231422227 0.010752633002368544 -0.0488307738412529
