0 38
1 69
2 43
3 186
4 36
5 103
6 6
7 185
8 148
9 72
10 166
11 178
12 169
13 119
14 156
15 87
16 21
17 193
18 66
19 35
20 59
21 25
22 142
23 157
24 153
25 121
26 161
27 131
28 135
29 3
30 124
31 138
32 199
33 159
34 34
35 68
36 160
37 93
38 14
39 80
40 94
41 105
42 165
43 57
44 37
45 116
46 151
47 195
48 189
49 145
50 150
51 2
52 120
53 155
54 114
55 17
56 40
57 179
58 83
59 172
60 187
61 109
62 46
63 147
64 197
65 129
66 85
67 99
68 174
69 13
70 98
71 22
72 18
73 9
74 110
75 181
76 170
77 86
78 62
79 137
80 45
81 115
82 134
83 71
84 171
85 113
86 4
87 163
88 33
89 61
90 20
91 118
92 132
93 47
94 176
95 12
96 122
97 144
98 7
99 167
100 198
101 32
102 162
103 91
104 27
105 140
106 81
107 41
108 84
109 95
110 28
111 79
112 56
113 194
114 26
115 164
116 101
117 19
118 104
119 173
120 24
121 11
122 125
123 112
124 53
125 102
126 1
127 146
128 130
129 191
130 82
131 73
132 77
133 78
134 0
135 60
136 133
137 183
138 136
139 74
140 141
141 67
142 5
143 50
144 29
145 152
146 182
147 168
148 184
149 64
150 143
151 39
152 88
153 188
154 158
155 175
156 70
157 107
158 100
159 51
160 65
161 154
162 139
163 97
164 196
165 10
166 149
167 106
168 49
169 30
170 16
171 180
172 58
173 52
174 177
175 126
176 75
177 15
178 192
179 92
180 55
181 127
182 42
183 54
184 108
185 128
186 123
187 44
188 76
189 96
190 111
191 90
192 190
193 8
194 23
195 117
196 63
197 89
198 31
199 48
