38 0
69 1
43 2
186 3
36 4
103 5
6 6
185 7
148 8
72 9
166 10
178 11
169 12
119 13
156 14
87 15
21 16
193 17
66 18
35 19
59 20
25 21
142 22
157 23
153 24
121 25
161 26
131 27
135 28
3 29
124 30
138 31
199 32
159 33
34 34
68 35
160 36
93 37
14 38
80 39
94 40
105 41
165 42
57 43
37 44
116 45
151 46
195 47
189 48
145 49
150 50
2 51
120 52
155 53
114 54
17 55
40 56
179 57
83 58
172 59
187 60
109 61
46 62
147 63
197 64
129 65
85 66
99 67
174 68
13 69
98 70
22 71
18 72
9 73
110 74
181 75
170 76
86 77
62 78
137 79
45 80
115 81
134 82
71 83
171 84
113 85
4 86
163 87
33 88
61 89
20 90
118 91
132 92
47 93
176 94
12 95
122 96
144 97
7 98
167 99
198 100
32 101
162 102
91 103
27 104
140 105
81 106
41 107
84 108
95 109
28 110
79 111
56 112
194 113
26 114
164 115
101 116
19 117
104 118
173 119
24 120
11 121
125 122
112 123
53 124
102 125
1 126
146 127
130 128
191 129
82 130
73 131
77 132
78 133
0 134
60 135
133 136
183 137
136 138
74 139
141 140
67 141
5 142
50 143
29 144
152 145
182 146
168 147
184 148
64 149
143 150
39 151
88 152
188 153
158 154
175 155
70 156
107 157
100 158
51 159
65 160
154 161
139 162
97 163
196 164
10 165
149 166
106 167
49 168
30 169
16 170
180 171
58 172
52 173
177 174
126 175
75 176
15 177
192 178
92 179
55 180
127 181
42 182
54 183
108 184
128 185
123 186
44 187
76 188
96 189
111 190
90 191
190 192
8 193
23 194
117 195
63 196
89 197
31 198
48 199
