200 20
0 -1.5923446416854858 1.8353341817855835 0.6333137154579163 -1.1125932931900024 0.17716534435749054 -1.573441505432129 -1.5958484411239624 0.6950860023498535 -1.0533732175827026 1.9287508726119995 -0.3460061252117157 2.0436344146728516 0.6915875673294067 0.8894462585449219 0.1472514271736145 -0.6605373024940491 1.0400193929672241 1.8716344833374023 -1.9765421152114868 0.030305977910757065
1 -0.23992112278938293 -1.848754644393921 0.47265711426734924 -0.13771435618400574 -0.7434636354446411 -1.022267460823059 -2.3369836807250977 0.12109912186861038 0.6655545830726624 0.19718937575817108 -0.27812638878822327 -0.6244980096817017 0.8024742007255554 0.42682456970214844 -0.36825138330459595 -1.2891528606414795 -0.700770378112793 -0.8035557270050049 0.9887496829032898 -0.9071674346923828
2 0.6295915246009827 0.47600165009498596 0.37833473086357117 -0.4798624515533447 1.1887662410736084 -0.8748292922973633 -1.4474507570266724 0.8396278023719788 -1.2474185228347778 0.9953830242156982 -0.7283855676651001 -0.7654467225074768 -0.08252575993537903 -0.39013639092445374 -0.26232635974884033 0.5756485462188721 1.018646478652954 1.1765483617782593 -1.3606910705566406 0.21430650353431702
3 0.5127314925193787 0.8917478322982788 -0.39501866698265076 0.6431711912155151 0.5388962626457214 0.15425409376621246 1.9320372343063354 0.6619987487792969 -0.6660416722297668 0.4145757555961609 -0.6514180302619934 0.06067546457052231 0.2221127599477768 1.1287540197372437 0.22699375450611115 -1.0101109743118286 0.6705544590950012 -0.8236621618270874 0.7087226510047913 0.1357019692659378
4 1.3714749813079834 1.5655869245529175 0.5642591118812561 0.14703719317913055 0.17520906031131744 3.2703280448913574 -2.0116117000579834 -1.788124680519104 0.28989478945732117 -0.674301028251648 0.2662345767021179 0.5797654390335083 0.5922290682792664 0.750171422958374 0.5071671605110168 -1.3548686504364014 0.24187009036540985 0.1948406845331192 0.8795773386955261 1.952857255935669
5 -0.458034485578537 -0.8058680891990662 -1.6233288049697876 0.3534485995769501 -1.5070754289627075 0.32404178380966187 1.6307376623153687 1.9179048538208008 -0.6757996082305908 -0.999657928943634 0.01883155293762684 1.1826344728469849 0.31712400913238525 -1.338269829750061 0.10500747710466385 -0.693223237991333 1.109429955482483 -1.057209849357605 -0.47091034054756165 0.8990061283111572
6 -1.2753901481628418 -0.9647169709205627 1.470903754234314 0.43986982107162476 0.9517259001731873 -0.7537423372268677 -1.288776159286499 0.9609227180480957 -0.40392836928367615 -1.7893176078796387 -0.7045708298683167 -1.3589670658111572 -1.0586713552474976 0.9472107887268066 -1.0737226009368896 0.17113807797431946 1.517852544784546 0.850847601890564 1.7562438249588013 1.0189540386199951
7 1.4988183975219727 -1.46722412109375 0.25080159306526184 0.10901230573654175 2.099443197250366 -1.071150779724121 -0.19602909684181213 -0.3121888041496277 -0.7526977062225342 0.3541054129600525 -0.8633657693862915 0.8556424975395203 -0.3813384473323822 -0.7365308403968811 -1.1270774602890015 0.9980971217155457 0.21727590262889862 0.1566823124885559 0.4496489465236664 -0.1783909946680069
8 -1.0480958223342896 -0.8257664442062378 0.3062477111816406 -0.5378410816192627 0.3761636018753052 0.22975008189678192 0.8176038265228271 -0.6334632039070129 0.1576257199048996 -0.5388885736465454 -0.9541602730751038 -2.014648675918579 -1.072999119758606 0.28292641043663025 0.6514582633972168 1.160652756690979 -1.5427961349487305 0.5486247539520264 -0.7272242307662964 0.8795408606529236
9 -1.3245997428894043 0.34844762086868286 0.7968665361404419 0.9046268463134766 -0.21678820252418518 -0.6365122199058533 -2.2956507205963135 -0.020810574293136597 1.7192798852920532 -0.39551255106925964 -0.01911279372870922 -0.8905051350593567 3.084751605987549 1.045704960823059 -0.4952445924282074 -1.4294328689575195 -0.6980772614479065 -1.7987117767333984 -0.025970710441470146 -0.29234108328819275
10 0.8959906101226807 0.807945728302002 -2.101862668991089 1.8098657131195068 0.5819395780563354 0.3576112985610962 -0.24182604253292084 -0.37889769673347473 0.24956871569156647 0.5332872271537781 0.09583596140146255 -0.8241376280784607 0.6577082872390747 -0.691109299659729 -1.0416287183761597 -0.0013805311173200607 1.0885924100875854 1.4482898712158203 -0.398166686296463 2.2967514991760254
11 1.5294837951660156 1.6049233675003052 0.42589071393013 1.1291944980621338 -0.9752414226531982 -0.20918326079845428 -0.05336833745241165 0.9408105611801147 -1.176553726196289 -0.8149742484092712 -0.2846134305000305 -0.5191494822502136 1.1006617546081543 1.3882079124450684 0.7096032500267029 -0.28052636981010437 0.5399927496910095 1.3782364130020142 -0.39439791440963745 0.5175350308418274
12 -1.0528638362884521 -1.5320346355438232 0.5136018395423889 -1.6755077838897705 0.21217218041419983 -0.3199324309825897 -0.8919532299041748 0.5642463564872742 0.3641164302825928 0.7034552097320557 0.33119142055511475 0.24566970765590668 0.8456217646598816 -0.5165578722953796 -0.5476534962654114 0.7552822828292847 -1.1092790365219116 0.3662296533584595 1.1029269695281982 1.8870912790298462
13 0.5231510400772095 1.1359859704971313 -0.5866429805755615 -0.4117872714996338 0.32447242736816406 -0.5546942353248596 -0.1830166131258011 0.5045593976974487 0.09679103642702103 0.20191405713558197 -0.732408881187439 -0.49050572514533997 -2.8398473262786865 -1.4352078437805176 -0.6547338962554932 -0.3829183578491211 0.8538392186164856 0.6811119914054871 -0.5159055590629578 0.4228851795196533
14 -2.056356430053711 -0.38821640610694885 -0.2970176935195923 -1.9317548274993896 -0.16854675114154816 0.44134002923965454 -0.439550518989563 -0.3305668234825134 0.3160346448421478 0.04894690215587616 -0.8366863131523132 -0.07468520104885101 -0.81309974193573 0.03823230415582657 -0.5037294626235962 -0.6292433142662048 0.7725459933280945 -0.3870580494403839 1.827136516571045 1.9176744222640991
15 -0.7678744792938232 0.7415518760681152 -0.7568972110748291 1.3925505876541138 -0.4538719654083252 -0.5964208841323853 -0.26754823327064514 -0.643621563911438 0.9408010244369507 0.4926850497722626 1.3348631858825684 0.724288821220398 -0.7864692211151123 0.06956843286752701 -2.1239025592803955 -1.4807332754135132 1.9167823791503906 -1.4906409978866577 -0.06578266620635986 -1.5780353546142578
16 1.3167765140533447 0.22024717926979065 -0.1731010228395462 -1.5685827732086182 -1.1463514566421509 -0.6980537176132202 0.909372091293335 -0.51352858543396 0.04611114785075188 -1.0539934635162354 1.4515925645828247 0.29935187101364136 0.6566326022148132 -1.408252239227295 -0.16145996749401093 0.07158483564853668 1.0502557754516602 0.27295956015586853 0.2543363571166992 0.42089685797691345
17 0.38582512736320496 0.948257327079773 -0.29934069514274597 0.12834131717681885 -0.943391740322113 -0.04546002671122551 1.3349599838256836 -0.5168398022651672 0.6495063304901123 -0.5007011890411377 0.4469069242477417 -1.5514178276062012 -0.3266332447528839 -0.07029853761196136 -1.6302140951156616 -0.15232740342617035 1.8635143041610718 1.0352389812469482 -0.4145209491252899 -0.2592557370662689
18 -0.8584362268447876 -0.0514572337269783 0.9771232604980469 -2.593543291091919 0.9434781074523926 -0.4891308546066284 0.927597165107727 0.24611400067806244 -0.006834692787379026 1.133846402168274 -1.0930559635162354 -2.7824184894561768 0.09873487800359726 1.305492639541626 0.03624614328145981 1.0999640226364136 1.6740516424179077 0.19244757294654846 -0.7122350931167603 -0.055381517857313156
19 -1.750523328781128 2.1683876514434814 2.017052412033081 -0.1941664069890976 0.4942288398742676 -0.4739897549152374 0.8010542988777161 0.6096315979957581 -0.7432834506034851 -1.3039755821228027 -0.21340258419513702 -0.27561455965042114 -0.440354585647583 -2.482780694961548 -0.6220338940620422 0.8032482862472534 -1.6338059902191162 -0.4882659316062927 0.07023108750581741 -1.1464673280715942
20 -2.955045461654663 1.6356927156448364 -0.03080502338707447 -1.3134868144989014 -0.318546324968338 0.1681371033191681 1.2387315034866333 1.168656349182129 -0.14032286405563354 0.6450802087783813 -0.8041459321975708 -0.6233077645301819 0.5200676918029785 0.3757959306240082 -0.13857565820217133 -1.4315108060836792 0.2987423539161682 -0.45101404190063477 -0.214751198887825 1.5154471397399902
21 -0.8129310607910156 0.28177374601364136 0.5287699103355408 -0.5452050566673279 0.28787145018577576 -1.0273748636245728 0.9232293963432312 -1.6307992935180664 0.3148025870323181 -0.71583092212677 0.13774168491363525 1.9625918865203857 -1.2558999061584473 -0.9610503911972046 0.4126930236816406 0.2760170102119446 -0.9435871243476868 -1.2841535806655884 0.3902241885662079 -0.9438343048095703
22 0.9880385994911194 -0.6816193461418152 -1.6468150615692139 0.3516443967819214 0.1696634143590927 0.14788571000099182 0.2783023715019226 -0.2158689945936203 1.7145322561264038 -1.3806570768356323 0.34348195791244507 0.27591702342033386 -0.5599087476730347 2.4215645790100098 -2.596257448196411 1.7264069318771362 0.47432875633239746 1.3607048988342285 0.7834632992744446 -0.09795691817998886
23 0.48604267835617065 0.9708637595176697 0.7836666107177734 -0.11376437544822693 0.34933072328567505 -0.01015505287796259 0.0491051971912384 -0.37845614552497864 -1.588167667388916 -1.2791786193847656 0.8126909732818604 1.1561436653137207 -0.36723095178604126 -0.800550103187561 -0.2687190771102905 -0.07912798970937729 -0.009105461649596691 -0.5323190093040466 -0.5930272936820984 -0.7269294261932373
24 0.4060167074203491 -1.0366755723953247 0.28044527769088745 0.745231568813324 -0.48391038179397583 0.3099985122680664 -0.6781076192855835 -0.2600882649421692 1.7544338703155518 -0.08437485992908478 0.8385747671127319 1.496619462966919 0.7868248820304871 -0.4443112015724182 0.367116242647171 -0.2305002212524414 -0.6470898985862732 0.34009435772895813 0.32069486379623413 0.45212411880493164
25 0.24583393335342407 -0.3761390447616577 0.35886338353157043 0.08568322658538818 -0.15063326060771942 0.9522915482521057 0.32197949290275574 -0.701759397983551 0.5677230358123779 0.6860142350196838 1.3929290771484375 1.62360417842865 0.8438939452171326 -0.29910150170326233 0.7517247796058655 0.5096336007118225 -2.293297529220581 -1.6360664367675781 0.08495257794857025 -1.0011578798294067
26 2.0720250606536865 1.2743943929672241 1.8605977296829224 1.5685131549835205 -0.6096367835998535 0.15315711498260498 1.1110739707946777 -1.4636973142623901 -0.033319439738988876 -1.5006085634231567 0.3935227394104004 2.968264579772949 0.49574461579322815 0.8442384600639343 0.5071974396705627 1.5331246852874756 -1.3041231632232666 0.6686602234840393 2.181286573410034 -1.3899316787719727
27 -0.3661150336265564 -0.9828552007675171 1.0207418203353882 -0.8603879809379578 0.7940093278884888 -0.06740524619817734 -0.007606580853462219 1.4739209413528442 -1.4350086450576782 0.4796163737773895 -0.6127963066101074 0.15568086504936218 -1.2731081247329712 0.3476386070251465 0.4556048512458801 0.6489492058753967 -1.288867712020874 0.7886127233505249 1.1422168016433716 -0.8018289804458618
28 0.25121381878852844 -0.2384762465953827 0.4588867127895355 -1.8177855014801025 -0.6793174743652344 0.242229163646698 0.8803413510322571 0.9222285747528076 0.16708479821681976 -0.4660763144493103 0.1381842941045761 -1.9529380798339844 1.000471591949463 1.8376492261886597 1.8268977403640747 1.2023756504058838 -0.13174790143966675 0.32461482286453247 -0.26987969875335693 1.4202356338500977
29 0.23119227588176727 0.151887908577919 -0.027339395135641098 -0.8336353302001953 -0.32881543040275574 0.06073002517223358 -0.2976202666759491 -0.9833654761314392 -1.0527857542037964 -1.3387482166290283 -0.7151732444763184 -0.19934435188770294 -1.2467230558395386 -0.014563864096999168 -1.6896673440933228 -0.6998535990715027 -0.6108771562576294 1.1192423105239868 -1.2849960327148438 -0.1714218109846115
30 0.37220874428749084 -0.16989681124687195 0.7029100656509399 0.9976385235786438 0.1309223622083664 -0.867424488067627 0.888658344745636 0.48518630862236023 0.10207951068878174 0.4987058937549591 -0.030589623376727104 0.12243970483541489 -2.0537965297698975 -0.2167060375213623 0.2535366714000702 -0.43733498454093933 -0.6383123993873596 1.4513882398605347 2.4063448905944824 -1.1404712200164795
31 -0.8421637415885925 0.1193537786602974 0.28142818808555603 0.0935823917388916 1.5491422414779663 -0.4973840117454529 -0.4526640474796295 -0.9339141845703125 -0.4195519983768463 0.4945637285709381 0.9048294425010681 -2.5187034606933594 0.12447621673345566 0.36438700556755066 -0.10353411734104156 0.9268084764480591 -1.1588538885116577 -0.23740069568157196 -0.40171316266059875 0.6135769486427307
32 1.3770612478256226 1.2362364530563354 -0.4669657349586487 1.566167950630188 -0.9949410557746887 1.139896035194397 1.2764410972595215 -1.1441668272018433 -0.09773683547973633 0.18037553131580353 0.8322782516479492 0.9086390733718872 -0.2096470296382904 -0.05960362032055855 -1.6935986280441284 0.4330655038356781 1.1643787622451782 0.7302675247192383 0.11246667057275772 1.0643963813781738
33 -0.22099018096923828 0.7689217925071716 1.2106218338012695 -0.746574342250824 2.2113451957702637 -0.47025349736213684 -0.13564758002758026 0.4519036114215851 1.2297999858856201 -1.6014537811279297 0.009564158506691456 -0.2737179398536682 -1.386544942855835 0.11992277204990387 -1.2509697675704956 -0.9687016606330872 -0.3864518404006958 -0.06118588522076607 0.7900804877281189 -0.015669645741581917
34 0.7508971691131592 -0.739922821521759 0.15460357069969177 -0.1436176598072052 0.6358760595321655 0.7918779850006104 0.4520364999771118 1.3861706256866455 0.1336890459060669 -1.3149363994598389 -1.4443941116333008 0.503817617893219 -0.214857816696167 -1.920294165611267 -0.3998855650424957 -1.2831512689590454 -2.070129156112671 -1.0282247066497803 0.7781853675842285 -0.4457527697086334
35 -0.6203053593635559 -0.3176695704460144 -0.6784786581993103 0.6357371211051941 1.1432470083236694 -0.3838202953338623 2.0487864017486572 1.1289560794830322 0.004626397043466568 -0.3675247132778168 -1.0314466953277588 -0.3071964383125305 -0.05144370719790459 1.0449185371398926 1.1897451877593994 1.4217777252197266 2.3608527183532715 0.6798257231712341 -0.062026072293519974 0.01598144881427288
36 1.3065999746322632 -0.4913584291934967 1.0620945692062378 0.40205323696136475 -1.9957891702651978 -0.5079781413078308 -1.191347360610962 -0.11149463802576065 -1.765342116355896 -1.2618528604507446 2.789818525314331 -0.150424525141716 -0.2239283174276352 0.3365253806114197 0.539671003818512 -1.3626445531845093 0.23147042095661163 -0.13247568905353546 -0.5196534395217896 0.6404496431350708
37 0.09843683242797852 1.055378794670105 -0.4353635609149933 1.486369252204895 1.818106770515442 -1.452802300453186 0.5216079950332642 -0.24027501046657562 0.011669494211673737 0.6990224123001099 -1.0612367391586304 -0.576949417591095 -0.990389883518219 -0.2368570864200592 1.0538831949234009 -0.3090386986732483 0.6067473292350769 -0.9328293800354004 0.11148891597986221 -0.5109421610832214
38 0.27611058950424194 0.7020670771598816 -2.0551352500915527 -1.4128974676132202 0.20714721083641052 0.030725255608558655 0.6406933665275574 -0.9499678015708923 0.6317322850227356 1.2435986995697021 -0.5941398739814758 0.2564520835876465 1.3056325912475586 3.067495346069336 -0.7672897577285767 2.144148349761963 -0.8715648651123047 -1.4891892671585083 -0.20906804502010345 1.3303914070129395
39 -0.1936098039150238 -1.5487765073776245 0.3336726725101471 1.8235979080200195 -1.1292730569839478 -0.2132510542869568 0.031873516738414764 0.40932583808898926 -1.6034563779830933 -0.09416457265615463 -2.0033962726593018 0.15239548683166504 -1.1407428979873657 -0.5655978322029114 -1.6555819511413574 -1.1181843280792236 -1.8076808452606201 0.022000541910529137 0.3350925147533417 0.14835724234580994
40 -0.2895514965057373 -1.725493311882019 0.9797328114509583 -0.9797142744064331 -0.5644261837005615 -0.4454687237739563 0.482562780380249 -0.786253809928894 -0.6731569766998291 0.6708933115005493 0.789961576461792 0.49834731221199036 -0.047652170062065125 0.7332450151443481 -2.065185308456421 0.09840129315853119 0.03152823448181152 0.06953256577253342 0.7305540442466736 -1.2534202337265015
41 -0.18646079301834106 0.6369866132736206 -1.4842731952667236 0.09874715656042099 -0.8032200336456299 -0.6283724904060364 0.22517430782318115 -1.779877781867981 -0.7947826385498047 -0.17566724121570587 -0.19105775654315948 -2.3560733795166016 0.9711193442344666 1.9680681228637695 -0.47061222791671753 -1.4536432027816772 -1.1232056617736816 -0.9500026702880859 -0.9012721180915833 -2.06080961227417
42 0.6751706004142761 -0.7667787671089172 -0.28275617957115173 0.18642458319664001 -0.8551581501960754 0.30210626125335693 -0.2404683530330658 -1.379286766052246 0.08615554124116898 -0.2991623282432556 0.9249489307403564 -0.3274534046649933 -0.11381363868713379 1.3030459880828857 -0.39095351099967957 0.3083004057407379 0.7087286710739136 0.6789685487747192 -1.60178804397583 -0.6104762554168701
43 -1.3145266771316528 1.827641248703003 1.2083157300949097 -2.201751232147217 -0.23621568083763123 0.0370330847799778 0.8713856339454651 -0.020907334983348846 -2.8993115425109863 0.011120657436549664 0.9172045588493347 0.6605563759803772 0.13410741090774536 0.20375733077526093 0.28945183753967285 -1.4362655878067017 0.4061586260795593 -0.20455074310302734 -0.23137451708316803 0.9978490471839905
44 0.8735489845275879 2.2357864379882812 -1.155855655670166 0.19072413444519043 0.27119141817092896 -1.1327687501907349 -1.3601946830749512 1.2706009149551392 0.24525894224643707 0.5316035151481628 0.5358005166053772 1.2759417295455933 -0.28258511424064636 -2.120234966278076 -0.557026743888855 2.15754771232605 -0.6421289443969727 1.4407120943069458 -0.08714573830366135 -0.22477814555168152
45 -0.49018582701683044 -0.8362786173820496 0.3549809753894806 1.2799321413040161 -0.6578543186187744 -1.4654103517532349 0.3062637150287628 -0.6733297109603882 -0.41297024488449097 -0.0856475979089737 0.6353000402450562 0.9653608798980713 -0.25047358870506287 1.6142362356185913 0.46815282106399536 0.6415603160858154 0.4190925657749176 -1.5200101137161255 -0.06795449554920197 0.40199771523475647
46 -0.45664671063423157 -0.9933620095252991 -2.387883186340332 -0.17252491414546967 0.9113420844078064 -1.5235556364059448 -0.9053364992141724 2.114060401916504 -0.37148231267929077 0.47728419303894043 -0.5980877876281738 -0.6284751892089844 0.3984350562095642 -0.8716583847999573 -1.2370103597640991 -0.11732280254364014 1.295898199081421 -1.574358582496643 -0.22761507332324982 -0.39013996720314026
47 -0.25115182995796204 1.6543587446212769 2.069335460662842 -1.4910364151000977 -1.4913389682769775 0.19576521217823029 1.071411371231079 -0.7827653288841248 0.3648192882537842 -0.11197462677955627 -0.9391396045684814 -0.29869452118873596 -0.5326990485191345 0.3528306484222412 0.2797703742980957 -0.4022267162799835 -1.3853464126586914 -0.17043258249759674 -1.3940058946609497 0.4080928862094879
48 -1.0984392166137695 -0.029995860531926155 -0.44966405630111694 1.6490920782089233 -0.5764546394348145 0.6459426879882812 -0.10163891315460205 -1.1986302137374878 -0.49335500597953796 -0.002792699495330453 0.39202699065208435 0.7261242866516113 0.24813291430473328 -0.5274092555046082 0.4772454500198364 -1.4067473411560059 0.48804059624671936 -0.1769055724143982 0.8528172969818115 -1.9339427947998047
49 0.49682289361953735 -0.8343195915222168 -0.9308342933654785 0.5511451959609985 -0.268005907535553 -1.0533257722854614 -1.325850248336792 0.46606332063674927 -1.5733592510223389 -0.7026972770690918 0.21478742361068726 0.07944066822528839 -1.096914291381836 0.6587404012680054 -1.0644077062606812 1.0705790519714355 -0.6637044548988342 0.47341403365135193 -0.14328891038894653 -1.279527187347412
50 2.010085344314575 -0.7187283039093018 -1.2565522193908691 -0.036774471402168274 0.7452484965324402 1.2576038837432861 -0.38881731033325195 -0.6676806807518005 2.4315507411956787 -2.1243736743927 -0.16806508600711823 -2.269155740737915 0.17918550968170166 0.31145715713500977 1.9172922372817993 -1.1299560070037842 -0.5481774210929871 0.7014151811599731 -2.365676164627075 0.980867862701416
51 0.008515746332705021 1.5459904670715332 -0.13833141326904297 0.4884054362773895 -0.4889713525772095 -1.025888204574585 -0.96900874376297 -1.8295592069625854 2.2621757984161377 0.04740072786808014 -0.8241725564002991 -0.40874752402305603 -0.6798940300941467 0.5408747792243958 2.0850441455841064 -0.44847002625465393 -0.3327595293521881 1.1834169626235962 2.2342801094055176 -0.024141501635313034
52 1.3572018146514893 1.7523932456970215 0.18247069418430328 0.49684518575668335 0.24703258275985718 -1.5008559226989746 0.035894639790058136 0.7058895826339722 0.8311058282852173 0.7757886052131653 0.2850598394870758 -1.0728472471237183 -0.36252257227897644 0.4714179039001465 -0.7470757365226746 -1.4800766706466675 0.10273139178752899 0.14223365485668182 -1.122223138809204 0.2850722074508667
53 -0.30543798208236694 -0.780168354511261 -1.2729847431182861 -2.682340621948242 0.538090705871582 0.18411992490291595 0.6710819005966187 -1.7515079975128174 1.2145153284072876 -0.9435542821884155 -0.8559209108352661 -0.06338376551866531 1.2873032093048096 -0.015491465106606483 -1.4261411428451538 0.54012131690979 0.4823288917541504 2.4887936115264893 1.7081069946289062 0.7019067406654358
54 0.9468369483947754 1.0824774503707886 -1.1647990942001343 0.7483622431755066 0.17075873911380768 -0.4238903224468231 0.19227789342403412 0.09190517663955688 -1.1728911399841309 1.8635298013687134 0.5754601359367371 -0.13647101819515228 -2.0878758430480957 0.3004079759120941 0.7439005970954895 0.8543530106544495 0.14014428853988647 -0.5124943256378174 -0.11723319441080093 -0.04160444065928459
55 -0.8900349140167236 -0.9565852284431458 -0.9526724815368652 -1.103764295578003 0.43150150775909424 -0.6196543574333191 -0.6650032997131348 1.9079545736312866 -0.03148297965526581 -0.15482564270496368 0.9509567022323608 0.9085873961448669 -0.8394444584846497 -0.7874869108200073 0.7602309584617615 0.5454543828964233 1.4416238069534302 -0.1807582676410675 1.6143226623535156 -1.3384608030319214
56 1.100343108177185 1.2845791578292847 -0.492950439453125 -0.3418677747249603 0.201711505651474 0.6410290002822876 -1.1910181045532227 -0.5639796257019043 -0.08398167043924332 -1.0849884748458862 -1.4016441106796265 -0.7135056257247925 -1.2735689878463745 1.8541581630706787 0.03999701887369156 -1.5721487998962402 -0.7428811192512512 0.9933278560638428 -0.8437409996986389 -0.7628899812698364
57 -0.7909510135650635 -0.40276944637298584 1.0032100677490234 0.5545384883880615 -0.6676886677742004 -1.137459397315979 0.07874856144189835 2.445589065551758 0.3485909700393677 0.2390735000371933 -0.7241144180297852 1.9830220937728882 0.9116958975791931 -0.9960508346557617 -1.1619724035263062 -0.9471851587295532 -0.8454676866531372 -1.699514389038086 1.7744190692901611 0.36883053183555603
58 0.27566829323768616 0.1340867131948471 2.6276490688323975 -0.24489805102348328 -2.1373798847198486 -0.7644796967506409 -1.3254890441894531 1.1222964525222778 -0.23370186984539032 -0.999782145023346 -0.45605358481407166 -0.4754539728164673 -0.5352556705474854 -1.1679067611694336 0.2196914702653885 0.8977208137512207 0.10896921157836914 1.2196463346481323 -1.4376120567321777 -0.618483304977417
59 -0.672608494758606 -0.011094492860138416 -0.62565016746521 2.7598769664764404 -0.36432838439941406 1.100198745727539 0.474434494972229 -1.0897881984710693 0.4751967787742615 0.7824297547340393 0.58797687292099 -0.36049938201904297 0.4888201355934143 0.2861121892929077 1.2231680154800415 -0.6089287996292114 -0.2558879852294922 0.446677565574646 -0.22051194310188293 -1.0744924545288086
60 -0.5575921535491943 2.4882936477661133 -1.1796303987503052 -0.8967068791389465 0.3486591875553131 -0.3096182942390442 -1.6560598611831665 -2.696168899536133 0.17581219971179962 -0.011968056671321392 0.3871855139732361 -0.7162057161331177 0.6134191155433655 2.1331429481506348 -0.22733807563781738 -0.11813049763441086 -1.240858554840088 1.2163939476013184 0.2529929578304291 1.5622040033340454
61 3.3761680126190186 -1.1348910331726074 -0.8822213411331177 -0.16311271488666534 0.43872907757759094 -1.0562219619750977 -1.070729374885559 0.9298055171966553 -0.8445886373519897 0.45352160930633545 -0.4509516954421997 -0.2426542043685913 -0.2758806347846985 -2.248310089111328 0.1485704779624939 1.2330012321472168 -0.5205584764480591 0.383345365524292 0.9272053241729736 1.7411397695541382
62 -0.533757209777832 0.8289101719856262 -0.45812591910362244 -1.0267812013626099 0.24648824334144592 0.46620795130729675 1.0409878492355347 1.156222939491272 0.6897932887077332 -1.486458420753479 -0.4742361307144165 -0.5740996599197388 1.1830353736877441 -0.5374323129653931 -0.4973956346511841 -0.7488899230957031 -0.10126962512731552 -0.15109534561634064 0.3195059895515442 -0.10172568261623383
63 -0.006642485037446022 0.348777711391449 0.8275126814842224 0.45954686403274536 -0.3754368722438812 -0.3176732063293457 -1.4574350118637085 -0.4451405704021454 0.7580212950706482 -0.5497447848320007 0.5385833382606506 0.11730437725782394 0.691063404083252 -0.28319889307022095 0.03859735652804375 -0.8148893117904663 0.9221222996711731 1.6846415996551514 -0.8837538361549377 0.40734878182411194
64 0.4673444330692291 -0.04225161671638489 -0.823772668838501 -1.2392222881317139 0.6803026795387268 2.318228006362915 0.3711407780647278 0.5661571621894836 0.47178637981414795 2.728306293487549 -0.857856810092926 -0.3424164056777954 0.3113236129283905 -1.2975664138793945 -0.4583539664745331 -0.5599751472473145 -0.3421725630760193 -0.6438561677932739 -0.29651936888694763 -1.2693113088607788
65 -0.3506681025028229 0.26116734743118286 -1.401557207107544 1.0929309129714966 -0.3931325078010559 1.4394055604934692 1.1878396272659302 1.423518419265747 0.6851148009300232 0.5620620250701904 -0.24228882789611816 0.7485446929931641 0.6603388786315918 0.32907214760780334 -0.47218844294548035 1.4407881498336792 1.8444467782974243 1.4156138896942139 1.534172773361206 0.6035622358322144
66 -0.04548606276512146 0.9432047605514526 -0.7568290829658508 0.21149304509162903 -0.4311719238758087 -0.20729956030845642 -0.6300532221794128 -0.5591802597045898 -0.6718666553497314 -0.01290161069482565 0.7124130129814148 0.7868219017982483 -0.46518614888191223 1.1429907083511353 1.0170602798461914 0.8211608529090881 -0.20782510936260223 -0.6587374210357666 -0.8862319588661194 -0.7742574214935303
67 -0.3625410199165344 0.4584645926952362 0.43220189213752747 0.12940850853919983 0.8068948984146118 1.5379730463027954 -0.39725878834724426 -2.0917201042175293 -0.7337378263473511 0.3633005619049072 -0.17696547508239746 -0.1284080445766449 -0.4257907569408417 -0.6266889572143555 1.6278668642044067 -1.5718640089035034 0.11039576679468155 0.332466721534729 -0.8500092029571533 -0.28216004371643066
68 -0.03836541622877121 -1.3563770055770874 0.8332090377807617 0.7758506536483765 -0.43380558490753174 0.24761785566806793 -1.9598608016967773 -0.9651549458503723 0.34826865792274475 0.5690053701400757 -0.2699597477912903 0.7030444145202637 0.13408386707305908 0.6045337915420532 -0.317910373210907 -0.07717051357030869 1.5290457010269165 -1.3075687885284424 -0.7602102756500244 -0.7813901901245117
69 -0.15823818743228912 -0.5079445242881775 -2.4519195556640625 0.748530924320221 -0.4404849410057068 -0.6135358810424805 1.115740180015564 -0.4580562114715576 2.661743640899658 -1.736589789390564 -0.928139328956604 -0.2535324692726135 0.42977163195610046 1.3679320812225342 1.2501481771469116 0.8218092918395996 -0.5331052541732788 -0.4108811616897583 -0.0043562185019254684 0.525614321231842
70 0.6181158423423767 -0.7496610879898071 1.0179328918457031 0.883105456829071 -0.6771649718284607 0.8728072047233582 0.8784103989601135 0.8309263586997986 0.6496520042419434 0.9235379099845886 -0.8268688917160034 0.007986661046743393 0.11359317600727081 -1.322303295135498 0.42336881160736084 -1.400094747543335 0.2199622541666031 -0.46396002173423767 0.3391593098640442 -0.13408127427101135
71 0.17950868606567383 -1.0162642002105713 0.9542949199676514 0.9253385663032532 -0.4919034540653229 -0.05610623583197594 1.3246357440948486 -0.5116623640060425 -1.7442270517349243 -0.17967653274536133 -0.47703540325164795 -0.18793608248233795 1.4571218490600586 -0.6695649027824402 0.35650861263275146 -0.5699602961540222 0.31878089904785156 1.6500128507614136 0.16557690501213074 -0.7279759645462036
72 0.4696216285228729 0.7503396272659302 -0.971688985824585 -0.32651224732398987 -0.2265838384628296 -0.24095946550369263 0.5639093518257141 -1.8140051364898682 1.1321849822998047 -0.7732409834861755 1.4821895360946655 0.10294385254383087 1.305672287940979 1.6106631755828857 1.236503005027771 2.508211135864258 -1.335477352142334 0.25151023268699646 -0.9580720067024231 -0.6515992283821106
73 1.3656110763549805 -0.7586368322372437 0.9513337016105652 -0.9524530172348022 0.35976070165634155 2.368527889251709 0.9725452065467834 0.4787040650844574 -1.8823866844177246 -1.4746040105819702 -1.1944258213043213 -0.3993559777736664 0.5593263506889343 -1.2451322078704834 0.3851281702518463 1.0483843088150024 -0.01900237426161766 -1.5692687034606934 1.4787391424179077 1.4087128639221191
74 -1.5940742492675781 0.372297465801239 -0.6035603284835815 -0.10497254133224487 -1.165208101272583 -1.0456098318099976 -0.10739894956350327 0.5530190467834473 -1.194908618927002 -1.9314329624176025 0.6356468200683594 0.15487143397331238 -0.6873593926429749 -1.008699655532837 0.5509417653083801 0.5904744267463684 0.805073082447052 1.6263848543167114 -0.07522014528512955 0.5818824768066406
75 0.04270337149500847 -0.238765150308609 0.07220565527677536 1.3720303773880005 -1.4041754007339478 -0.6836559176445007 1.5409740209579468 -0.18894217908382416 0.055897414684295654 -1.2520780563354492 -0.5090837478637695 -0.3689470589160919 -0.4180504381656647 -0.4585725665092468 1.0671805143356323 -1.0196764469146729 -1.9082447290420532 -0.06488297134637833 -1.0372241735458374 -0.9016709923744202
76 0.3352873623371124 -0.41245684027671814 -1.951712965965271 1.4372906684875488 1.5849477052688599 0.39655420184135437 -0.33228570222854614 -0.49373650550842285 0.0054028816521167755 0.5468496680259705 -0.14041242003440857 -1.3107552528381348 -0.449125200510025 0.3296600580215454 -1.2386709451675415 -1.527650237083435 0.5841079354286194 0.007848723791539669 1.2480261325836182 -1.214311122894287
77 -0.854647159576416 0.3993784785270691 -0.6135232448577881 -1.0841786861419678 0.21842417120933533 -1.9918497800827026 -1.0508877038955688 -0.5187333822250366 2.774394989013672 1.0387389659881592 1.0152772665023804 -0.9959684014320374 -0.20140263438224792 1.3632550239562988 -0.9342836141586304 0.2843817472457886 -0.665669322013855 -0.25954997539520264 0.48018011450767517 -0.592596709728241
78 -1.1642636060714722 0.2838341295719147 -1.5129656791687012 -1.8387062549591064 0.20071682333946228 0.9022932648658752 1.342280626296997 0.5816561579704285 -0.557340681552887 0.7983307838439941 0.9816213846206665 0.348116397857666 -1.0329561233520508 0.45068204402923584 1.0146584510803223 0.17255325615406036 -0.19962507486343384 0.20419205725193024 -1.0127800703048706 -0.03137638047337532
79 -1.4787734746932983 -0.2851519286632538 0.7784625887870789 1.0944443941116333 -0.8970129489898682 -0.34833869338035583 -0.37829577922821045 0.8630126714706421 0.11592606455087662 0.8973169922828674 1.4106643199920654 1.4019663333892822 0.463452011346817 -1.1710150241851807 0.3665734827518463 0.18789607286453247 -0.10493195801973343 -0.9760143160820007 1.4017988443374634 0.6942086219787598
80 -0.28055861592292786 0.4755023419857025 0.3357183635234833 0.618762731552124 -0.8288551568984985 -2.801720142364502 -0.727932870388031 1.6595513820648193 0.127294659614563 -0.7217897772789001 1.380735158920288 0.8528445959091187 -2.234320640563965 -0.9981684684753418 0.40549954771995544 0.17910222709178925 0.9767575263977051 -1.6192800998687744 0.9963158369064331 0.2257004827260971
81 0.60765141248703 -0.16660043597221375 -0.9289692640304565 0.7411625981330872 1.198077917098999 1.082525610923767 0.18559783697128296 0.9100133180618286 0.023835958912968636 1.205425500869751 -0.07809577882289886 -0.23277068138122559 1.939389705657959 0.2665671706199646 0.271740198135376 -0.1578778773546219 0.2231397181749344 -0.8805124759674072 -0.4565331041812897 -0.7707889676094055
82 0.8069235682487488 0.3133455216884613 -0.15747995674610138 -0.371732234954834 -0.394199401140213 0.20762167870998383 -1.6433693170547485 -0.1216074675321579 0.7365842461585999 -0.6975175738334656 0.8609199523925781 0.06995236873626709 -1.103303074836731 -2.3594462871551514 1.8069796562194824 0.9409438371658325 0.9434224963188171 -2.4792861938476562 0.4437865912914276 1.1462424993515015
83 -2.072174072265625 0.8086580634117126 1.4311256408691406 -0.07951218634843826 -1.9506347179412842 -1.5815600156784058 0.30628684163093567 2.3645286560058594 -1.8056961297988892 1.5004761219024658 -0.2228613793849945 1.4925934076309204 0.7744177579879761 -1.4889731407165527 -0.5933845043182373 0.3437637984752655 1.374472975730896 1.0433663129806519 -0.16432206332683563 0.7638018727302551
84 0.7006164193153381 1.1092133522033691 -0.5077685713768005 -1.0673023462295532 -0.00024335058697033674 -1.5438567399978638 1.1609660387039185 -2.084275245666504 -1.0814861059188843 0.3622240126132965 -0.6722424626350403 -1.0037153959274292 -0.8986048102378845 -0.42139923572540283 0.9127724766731262 0.04162206873297691 -1.3113360404968262 1.0655910968780518 -0.785668671131134 0.5738089084625244
85 -0.5875054001808167 -0.9018712043762207 -0.42299985885620117 1.3989765644073486 1.6421631574630737 -0.4051385819911957 -0.01996990106999874 -0.2253757119178772 -0.11296073347330093 -0.23373425006866455 0.28441986441612244 0.20008035004138947 -0.568427562713623 1.0762853622436523 -0.3002132773399353 -0.38474705815315247 -0.34071263670921326 -0.4801487624645233 -0.7708098292350769 -0.18236206471920013
86 -1.5948882102966309 -0.6989319324493408 0.23629257082939148 0.019379204139113426 0.708752453327179 -0.1013481393456459 0.82997727394104 1.1057040691375732 0.08340300619602203 0.44204598665237427 0.39684414863586426 -0.3276783227920532 1.386520266532898 -0.9651010632514954 1.4879684448242188 0.6750086545944214 -0.08623010665178299 -1.2921736240386963 -0.6591930985450745 0.8052400946617126
87 0.9636452198028564 -0.47877511382102966 0.3045760691165924 0.8165161609649658 -0.5548424124717712 -0.6097140312194824 -0.5764241218566895 -1.2965757846832275 -0.5757467746734619 0.8484373092651367 0.5736969113349915 -0.2548433840274811 -0.050903093069791794 -0.5771210193634033 0.6970953345298767 0.567784309387207 -2.38810658454895 -1.005128264427185 -0.30813899636268616 -1.641088604927063
88 -0.8282012343406677 0.33543306589126587 -0.42526015639305115 -0.35260018706321716 -0.36999306082725525 -0.3242494463920593 0.13553261756896973 0.4631619155406952 -1.6724580526351929 0.7587741613388062 -0.3801605701446533 -0.010443547740578651 -0.7324156165122986 0.16476278007030487 -0.8806992769241333 -0.9858822822570801 -0.755531370639801 -0.9138010144233704 -0.5340558886528015 -0.36234331130981445
89 -0.46714359521865845 0.12477853149175644 -0.5638911128044128 -1.0686705112457275 -0.6246522068977356 0.1399228274822235 0.7025842070579529 1.5560777187347412 0.5005881190299988 -0.16189740598201752 0.7970552444458008 0.20512963831424713 0.025726692751049995 0.08017833530902863 -0.1448597013950348 0.9652313590049744 -2.551842451095581 -1.1665054559707642 -0.3606623411178589 -0.8277620077133179
90 -0.7244162559509277 1.738194465637207 0.5947995781898499 0.025454062968492508 1.0815101861953735 -0.635599672794342 -0.7737946510314941 -2.007042407989502 -0.06312496960163116 1.352148175239563 -0.324187308549881 -0.9956552982330322 1.2308658361434937 -0.06653331965208054 1.3930288553237915 -0.19715355336666107 0.6518649458885193 0.4684297740459442 -2.33332896232605 -0.17299290001392365
91 0.8939028382301331 -1.247212290763855 -0.6759667992591858 0.2685914933681488 0.3665274679660797 -0.6133756041526794 -1.2361907958984375 0.7454326748847961 0.3582414984703064 -2.0134215354919434 0.7222979068756104 -0.5510125756263733 -2.2198686599731445 0.6470590233802795 -0.05468650534749031 -0.5401098132133484 1.7228200435638428 2.4215922355651855 -0.3584650456905365 -0.67622971534729
92 1.0272914171218872 -1.8390153646469116 1.057518720626831 0.8122479319572449 -1.0779227018356323 -1.7673224210739136 -1.0584707260131836 1.3534331321716309 0.27385902404785156 -0.7779332995414734 -0.9790313839912415 -0.2912290096282959 2.344459295272827 -0.34058284759521484 1.7404634952545166 -0.2639990746974945 0.9703328013420105 -0.09686774760484695 -0.1852138638496399 0.6590655446052551
93 0.07353522628545761 0.6527813673019409 -0.2811795175075531 -1.1443641185760498 -1.712351679801941 -0.6262815594673157 -0.35506755113601685 -0.23601952195167542 0.4126274287700653 1.6544612646102905 -1.7585679292678833 -1.6982707977294922 0.3010425567626953 -0.5625748038291931 -1.3314719200134277 -0.830145537853241 0.3838180601596832 0.56599360704422 0.2000071406364441 1.134063482284546
94 0.10051754862070084 -1.2414072751998901 -1.1754707098007202 0.14984740316867828 -2.2219226360321045 -1.2991238832473755 -0.9755692481994629 -0.5833843946456909 -0.7898023128509521 0.36242011189460754 -0.8026686906814575 1.5733604431152344 -0.6708794832229614 1.1620919704437256 -0.32373470067977905 -0.6173481345176697 0.235939159989357 -0.8285026550292969 -0.276812881231308 -0.6733289361000061
95 -0.9207776784896851 1.5467506647109985 -0.499592125415802 0.6360422968864441 -0.7347740530967712 2.5017662048339844 1.2917780876159668 -0.8494394421577454 1.441047191619873 1.0629123449325562 -0.23083539307117462 1.137993574142456 0.3201597034931183 -1.612644076347351 -0.2062017172574997 1.3966022729873657 -0.2296259105205536 0.6964900493621826 -1.3945481777191162 1.2194433212280273
96 1.0990586280822754 -0.6883019804954529 -0.5717145800590515 -0.08591154217720032 0.6502806544303894 -1.2486716508865356 0.7261531352996826 -1.677412509918213 -0.22551679611206055 1.4688907861709595 0.4103800654411316 1.917306900024414 0.24961449205875397 -0.3692435324192047 0.8280192017555237 -2.700517416000366 -0.19143205881118774 -0.3850644826889038 -0.271486759185791 0.7005525231361389
97 0.20447218418121338 1.5660408735275269 0.23562772572040558 0.39545413851737976 -0.6413542032241821 1.995009422302246 1.1343389749526978 -0.17580918967723846 -0.7590631246566772 0.5564132332801819 0.36909985542297363 0.2487383931875229 0.2893819808959961 0.9112650156021118 1.4288914203643799 -0.4464288651943207 0.31657758355140686 -0.5801424384117126 0.2383929342031479 0.09930746257305145
98 -2.033186435699463 -1.4085609912872314 -2.1192173957824707 0.032199595123529434 -1.2062095403671265 -1.0137665271759033 0.10304969549179077 1.4250863790512085 -1.005489468574524 -0.6291163563728333 0.8716850876808167 -0.6461343765258789 0.036351293325424194 -0.868358850479126 -0.29661041498184204 -1.0543608665466309 -0.288962721824646 0.1671094000339508 1.3344818353652954 -0.37831440567970276
99 0.5441122055053711 0.4445294737815857 2.181574821472168 0.6200572848320007 -0.5301094651222229 -0.020529475063085556 0.026742734014987946 -0.5548421144485474 -1.306362271308899 2.265164375305176 1.5767720937728882 -1.030973196029663 -0.30863624811172485 0.3387209177017212 -0.5938553214073181 -0.5308167934417725 0.9450027942657471 -1.9023315906524658 0.3808167576789856 1.1455132961273193
100 -1.8799115419387817 -0.5310955047607422 0.506536066532135 0.3105270564556122 -1.7346415519714355 0.21469096839427948 -0.09021180868148804 0.8970979452133179 -0.42012080550193787 -1.0866074562072754 -0.6567124128341675 -1.521410584449768 2.533546209335327 -1.4955791234970093 1.2030786275863647 0.1519680768251419 -0.22447292506694794 0.2809419333934784 -1.9156688451766968 1.4536329507827759
101 -0.8757961988449097 -1.1389659643173218 -0.3855397403240204 -2.4541444778442383 0.16414375603199005 -0.6683889031410217 1.8337217569351196 0.8268135190010071 1.5456366539001465 -0.8575052618980408 2.060184955596924 0.6822130084037781 -0.07583519071340561 -1.2064685821533203 0.6271023154258728 -0.4987204670906067 1.613272786140442 -1.1507313251495361 -1.3371449708938599 0.9548625349998474
102 -0.7573648691177368 0.6427879333496094 1.218580722808838 -0.8501289486885071 1.0960171222686768 -0.9508975744247437 0.7305237650871277 -1.8344842195510864 0.29006272554397583 -0.5582824945449829 1.2144848108291626 0.8298386931419373 -1.8781664371490479 -0.023017367348074913 -1.3598204851150513 0.8658404350280762 0.9633247256278992 -0.8342823386192322 0.04863961786031723 -0.09429426491260529
103 0.02268807403743267 -0.06830301135778427 0.7937058210372925 1.4261736869812012 0.16312192380428314 -1.3541237115859985 0.20326532423496246 0.2731254994869232 0.35314977169036865 0.331998735666275 -0.2527368664741516 0.8965654969215393 0.1935996562242508 1.229097604751587 -1.4038939476013184 -0.42416539788246155 -1.2808375358581543 1.8377054929733276 1.319290041923523 0.8554285168647766
104 -0.6515793800354004 0.5428492426872253 -1.2210785150527954 0.6789383888244629 1.171700358390808 -0.3637685775756836 0.3516515791416168 -0.1667405217885971 -1.042536735534668 -1.2416253089904785 -0.06969107687473297 1.3447879552841187 -0.22352313995361328 0.22345247864723206 0.6445726752281189 0.38390040397644043 -1.6498178243637085 0.9754425287246704 -0.8057675361633301 -1.3149218559265137
105 0.8028924465179443 0.6062178015708923 1.9778618812561035 2.761164426803589 -1.3223741054534912 0.42508095502853394 -1.7653274536132812 0.3475584387779236 0.6381762027740479 1.4834340810775757 3.230013132095337 0.8773576617240906 1.4005736112594604 0.5180791616439819 -1.084720492362976 -0.605731189250946 -0.8730572462081909 -0.8959881663322449 -1.196713924407959 -0.9169886112213135
106 0.3738391697406769 0.024699172005057335 1.4961373805999756 -0.46233662962913513 -0.9614393711090088 0.7442201375961304 -0.7664785385131836 -0.15388089418411255 0.413749098777771 0.8720763325691223 -1.820085048675537 0.2608587145805359 0.9989812970161438 0.43413180112838745 -0.4241909384727478 -0.8296016454696655 0.9896358251571655 -0.31267285346984863 -2.5554275512695312 -0.2294824719429016
107 -0.11724027246236801 0.035639792680740356 -1.1745003461837769 0.12967470288276672 -1.8378602266311646 0.6506399512290955 -0.8097221851348877 1.2618408203125 1.7578436136245728 0.6988916397094727 -1.7255374193191528 0.1441144496202469 1.4893046617507935 -1.371165156364441 1.3380038738250732 0.6053619980812073 -0.7483988404273987 -0.2348623126745224 -0.3765524625778198 -0.7186365127563477
108 0.32622823119163513 -0.10375892370939255 -1.138200044631958 0.7731873393058777 -2.840024948120117 -0.6215057373046875 0.6808515191078186 0.7017090320587158 -1.5232906341552734 -0.34412509202957153 0.9476933479309082 -0.30508333444595337 -0.7715626358985901 1.2669594287872314 0.08361614495515823 -0.22367124259471893 -0.020582906901836395 -1.1597647666931152 0.765009880065918 0.8608883023262024
109 1.5717182159423828 -1.0367937088012695 -1.4348787069320679 -0.3247002065181732 -1.1685478687286377 -0.2633024752140045 -0.14403729140758514 -1.5921157598495483 -0.4438227117061615 0.7418162226676941 -0.823797345161438 -1.5422008037567139 -0.8861393332481384 -0.4509849548339844 0.7390150427818298 1.2050657272338867 -0.8528234362602234 0.5842278003692627 -0.7735000848770142 1.231588363647461
110 0.515609860420227 -0.9531916379928589 0.6409435272216797 -1.0415873527526855 -0.49049797654151917 0.08291381597518921 -0.47479140758514404 1.3422507047653198 1.0046744346618652 0.5923442840576172 -0.2937391400337219 0.30028653144836426 0.26515617966651917 0.43678155541419983 -1.0533256530761719 0.08518394082784653 0.43511778116226196 1.087834119796753 1.1988153457641602 -1.2180309295654297
111 0.508746862411499 -0.2720875144004822 1.8353159427642822 0.9843830466270447 -0.7216295003890991 1.0987147092819214 -0.21847152709960938 0.2804323732852936 -0.026060782372951508 1.2316147089004517 -1.1989829540252686 -1.5243333578109741 -0.4315831661224365 1.4743973016738892 0.09650811553001404 1.5061465501785278 -0.03341614454984665 1.4578555822372437 2.005481481552124 1.8817507028579712
112 0.2112291008234024 0.019885309040546417 0.2839777171611786 0.0073358044028282166 -1.3550292253494263 -0.05152494087815285 0.19922220706939697 0.7202951908111572 -0.13855476677417755 1.780456781387329 -0.4406416118144989 0.033608365803956985 -0.4214361310005188 0.34100866317749023 0.7473055720329285 -1.7160197496414185 -0.6381365656852722 2.0812363624572754 1.6503288745880127 -0.7757655382156372
113 -0.4357060492038727 1.2636778354644775 -1.3302072286605835 -0.7409961819648743 0.13062267005443573 1.6282247304916382 -1.0468244552612305 1.3962416648864746 -1.5600104331970215 -0.16211865842342377 0.6254937648773193 1.5006662607192993 -1.337271809577942 0.6945125460624695 -0.30184057354927063 0.22214026749134064 1.0245914459228516 -0.7616227865219116 -0.7563338279724121 0.05687816068530083
114 0.6592965126037598 -0.31497225165367126 0.7515057325363159 -0.6264353394508362 0.531341016292572 0.7308966517448425 0.29773610830307007 -0.2917613685131073 0.7667314410209656 -2.576906204223633 -1.237064003944397 1.0219852924346924 -0.3526538014411926 0.09091644734144211 -0.5897312164306641 0.6040219664573669 0.6556670665740967 0.6492995023727417 1.9383745193481445 0.01050402782857418
115 0.9671677350997925 1.4491703510284424 0.2885586619377136 0.8355696797370911 -2.2217092514038086 -0.4392743706703186 0.7087394595146179 0.11781588941812515 -0.8758953809738159 1.0821574926376343 -1.276012659072876 -0.5732465386390686 -1.0340584516525269 0.47731801867485046 -1.0656447410583496 -0.8417832255363464 1.3452422618865967 -0.06420852988958359 -1.015242338180542 2.1564316749572754
116 -1.5641202926635742 0.9001492857933044 -0.16873301565647125 -0.09937560558319092 1.12406325340271 -0.3740387558937073 0.033923275768756866 0.948949933052063 0.4805853068828583 0.2901361584663391 -0.3617941737174988 0.09715011715888977 1.1402032375335693 0.3702414333820343 0.45055827498435974 1.0072438716888428 0.8601922392845154 -0.677457869052887 -1.23086678981781 -0.872892439365387
117 0.9776585102081299 0.332095205783844 0.6630266308784485 -0.06330647319555283 0.09193621575832367 0.8371050357818604 0.3406221866607666 0.5467463135719299 1.1724193096160889 -0.5177021026611328 1.3700159788131714 0.530653715133667 -0.7668421864509583 -1.3369907140731812 -0.13376019895076752 -3.013078212738037 0.6582546830177307 0.08496005833148956 0.18043984472751617 3.1697380542755127
118 0.943080723285675 -1.1865746974945068 -0.13300612568855286 2.032114028930664 0.8803125023841858 -1.372046947479248 -0.3122541904449463 -0.06323772668838501 -0.47135841846466064 0.14298014342784882 -0.9183571338653564 0.19026483595371246 0.5215018391609192 1.5058257579803467 0.05124394968152046 0.8234624862670898 -1.13260018825531 0.7347406148910522 -0.23506614565849304 2.1369235515594482
119 1.2809940576553345 0.8464362621307373 -0.4030520021915436 -1.697537899017334 -0.23311778903007507 0.40988293290138245 -0.5298929214477539 1.1290799379348755 1.3113011121749878 0.38294416666030884 -1.580204725265503 -0.6928719282150269 -0.16664104163646698 -0.21191240847110748 2.093235492706299 -1.8135137557983398 -0.7599961757659912 0.8924990296363831 0.3686663508415222 -0.9396345615386963
120 0.3744227886199951 0.9632239937782288 0.8251534700393677 -0.15922260284423828 -0.9795258045196533 0.7578791379928589 -0.40071597695350647 -0.5713432431221008 0.7771509885787964 0.5662926435470581 -0.05009811744093895 0.8319624066352844 -0.7029870748519897 -0.11270780116319656 -0.6330231428146362 0.13447639346122742 0.46966245770454407 0.30977663397789 -0.13899333775043488 1.9098433256149292
121 -2.8297128677368164 0.33773067593574524 1.0386216640472412 -0.6559682488441467 -1.6134639978408813 -0.33785539865493774 0.00999683141708374 1.416380763053894 -0.1191215068101883 -1.2199211120605469 -2.253243923187256 1.0034946203231812 0.9700314998626709 -0.25939124822616577 1.3742899894714355 1.1169710159301758 0.11115692555904388 -0.6669487357139587 -0.6316240429878235 -1.2968984842300415
122 0.15229177474975586 -1.6463918685913086 -0.8644664883613586 0.02503277361392975 0.8533868789672852 0.6581474542617798 0.9267124533653259 -0.05329275503754616 -0.7882093191146851 -0.9339183568954468 -0.7226700782775879 -0.9230681657791138 1.498170018196106 0.726243257522583 2.164924144744873 1.7045087814331055 1.0635502338409424 1.3910751342773438 1.4659483432769775 -1.340437412261963
123 0.6157311201095581 -0.09210922569036484 0.7129768133163452 0.3057610094547272 0.2989676296710968 -1.1772058010101318 0.3382146954536438 -1.6681859493255615 0.7738112807273865 1.2082762718200684 -1.6826413869857788 -0.7635795474052429 -1.8503998517990112 1.3501412868499756 -0.3533059358596802 -1.0560781955718994 0.8223380446434021 0.5504001975059509 -1.126183032989502 -0.012226725928485394
124 -0.801740825176239 -0.22142831981182098 -0.41356632113456726 2.0381131172180176 0.07911457866430283 -1.3437539339065552 0.6216378211975098 -1.190688967704773 -1.4114395380020142 -0.2972894012928009 -0.9019590020179749 1.510912537574768 -1.4037690162658691 -0.12201234698295593 2.8479127883911133 -0.8316760659217834 -1.9557101726531982 -0.6411145925521851 -1.5267184972763062 0.9716437458992004
125 -0.10239806771278381 -0.43183696269989014 0.05439278483390808 2.027120351791382 -0.4150102138519287 -1.1687915325164795 1.2040379047393799 -0.3834490478038788 2.1749048233032227 -0.7043721079826355 -0.45569688081741333 0.052232421934604645 -0.5067294239997864 0.6510366201400757 1.0864979028701782 0.6894725561141968 -0.2670862376689911 -0.08720730245113373 1.0821906328201294 0.3939848244190216
126 0.07667911797761917 -0.5858328342437744 0.22908926010131836 -0.6082671284675598 0.3198390007019043 0.40148359537124634 0.8351455926895142 -0.11431901156902313 -0.39387065172195435 1.5166577100753784 0.19198617339134216 -2.1081573963165283 0.47703027725219727 0.47783610224723816 0.708605945110321 -1.863343596458435 -2.1369009017944336 -0.030544433742761612 -1.4180197715759277 -0.9291428327560425
127 0.1248660758137703 -1.1498315334320068 -0.35240304470062256 -0.30451735854148865 0.7046629190444946 0.9763826131820679 1.9666454792022705 0.6461068391799927 -0.1836995631456375 0.6430450081825256 1.300406813621521 -2.0323596000671387 1.074208378791809 0.261124849319458 -0.8319258689880371 -0.4332105219364166 0.20582839846611023 -1.212073564529419 -0.9195159077644348 -0.6936571598052979
128 -1.1424586772918701 -1.7262176275253296 0.43688127398490906 -1.301053762435913 0.42507973313331604 0.14612789452075958 0.27808505296707153 0.23400072753429413 1.0516281127929688 0.8466328382492065 -0.37390825152397156 0.29332435131073 0.30201348662376404 -1.2546203136444092 0.3775448799133301 -0.14152933657169342 0.171957865357399 1.5036673545837402 2.1198086738586426 0.2975001931190491
129 0.24851036071777344 0.5845973491668701 1.0049225091934204 -0.7359216809272766 -0.6731787919998169 0.004574749618768692 -0.7841871976852417 0.8726668357849121 0.7553166747093201 -0.7413128614425659 -0.0909852460026741 -0.3017922639846802 0.9641408324241638 0.8717406392097473 -1.3798683881759644 -0.8108939528465271 -0.9478054046630859 -2.0260353088378906 0.3036496639251709 0.8603183627128601
130 1.0521501302719116 -0.3348938822746277 -0.31416213512420654 0.027954747900366783 -0.9777726531028748 0.691166341304779 0.5171526074409485 -0.5050108432769775 -0.06605087220668793 1.0212537050247192 0.2809135615825653 0.014419764280319214 0.05434885248541832 1.2930244207382202 -0.2632964551448822 0.8670881986618042 1.1759601831436157 -1.0746253728866577 0.6641407608985901 -0.18024449050426483
131 -0.1752961128950119 -0.43899980187416077 -0.04548592492938042 0.1232806146144867 -0.33484214544296265 0.607049822807312 0.724279522895813 2.4154999256134033 -0.23109868168830872 -0.3860357105731964 0.2522359788417816 -0.09590719640254974 1.1154884099960327 0.7745825052261353 -1.0610243082046509 -0.19648677110671997 0.7739373445510864 -1.3461240530014038 0.7902387976646423 -1.2154141664505005
132 0.1537788361310959 0.4961385130882263 1.3667737245559692 0.590846598148346 -0.757413387298584 -1.0672804117202759 0.004751503933221102 1.1914116144180298 1.6001558303833008 1.3500449657440186 1.0458546876907349 0.0669272243976593 -2.7574501037597656 -0.28051111102104187 0.9232442378997803 -0.2539624273777008 1.173465609550476 0.1136973425745964 1.2321834564208984 -1.221985936164856
133 -0.20282535254955292 -0.6689963936805725 0.49339279532432556 -1.3237217664718628 1.490210771560669 2.6426377296447754 -2.3171610832214355 -0.3956369459629059 -1.5453537702560425 1.5587196350097656 1.5040538311004639 -0.9485734701156616 -1.087755560874939 -0.40395787358283997 -0.11763191968202591 -0.9033874273300171 0.05081692710518837 -1.555063009262085 -0.37477022409439087 -0.6529407501220703
134 -0.39635396003723145 -0.3249359726905823 1.5481138229370117 0.8114070296287537 0.9828858375549316 2.0545051097869873 0.4201599657535553 -1.4879080057144165 2.0626072883605957 -1.6335798501968384 1.1389919519424438 1.9309717416763306 -0.46867483854293823 -0.8102262020111084 0.4469664990901947 -0.34586527943611145 1.3760261535644531 2.116225481033325 -0.3920488953590393 -0.03482314199209213
135 1.398137092590332 -0.07514733076095581 0.9022150635719299 -0.8188272714614868 -1.082456350326538 0.5434386134147644 0.039962563663721085 0.400106817483902 0.2711567282676697 -0.3259241580963135 -1.4416496753692627 -2.0744006633758545 -0.31925684213638306 0.7827993631362915 0.09816347807645798 -0.8818210363388062 -0.31781643629074097 -0.20732907950878143 0.6055828332901001 1.561227798461914
136 -0.5783478021621704 0.028983736410737038 -0.13348835706710815 -0.05924605578184128 0.6530753970146179 0.3975260257720947 -1.2135634422302246 0.6206269860267639 1.2720913887023926 0.8312158584594727 -1.4859522581100464 0.4770657420158386 -1.376914143562317 -1.5040415525436401 -0.9448420405387878 1.924265742301941 1.5507816076278687 0.9892807602882385 0.19484618306159973 0.42249438166618347
137 1.1517130136489868 -1.6789474487304688 0.07447471469640732 0.29449892044067383 0.9070444703102112 1.3705452680587769 -2.5786499977111816 -1.974186658859253 1.4363306760787964 -0.012799798510968685 -0.42658787965774536 0.6033437252044678 0.8096191883087158 -0.8514803051948547 0.19705170392990112 0.548850953578949 -0.21392662823200226 -0.04715948551893234 -1.3047661781311035 -0.3566780686378479
138 -1.5137419700622559 -0.8747189044952393 0.990327000617981 -1.0553741455078125 0.44984617829322815 1.4496240615844727 -0.1957724243402481 -1.2178748846054077 -1.9110515117645264 0.48539453744888306 1.9545490741729736 -0.5858092308044434 -1.6619876623153687 -0.4471836984157562 -0.3683522641658783 -0.19762614369392395 -0.5032879114151001 -0.5628478527069092 0.8919349312782288 -0.04161231964826584
139 0.18397575616836548 -1.1422137022018433 2.714988946914673 -1.2361435890197754 0.4968712031841278 0.2008279711008072 0.5973148345947266 -0.12964089214801788 -0.3664727509021759 0.3426874577999115 1.093305230140686 0.6764016151428223 -0.013226587325334549 -0.04951850324869156 1.90400230884552 -0.583308756351471 -1.322759985923767 -0.08622772991657257 0.40441185235977173 -0.060509249567985535
140 0.3562159538269043 -1.8932342529296875 0.2566344439983368 -1.1921048164367676 0.2658481299877167 0.4491976499557495 1.469866394996643 -0.587234616279602 -0.6263688206672668 -0.26255112886428833 -0.5594494342803955 -2.6364710330963135 0.06253015995025635 0.8158400058746338 0.774631679058075 1.5601686239242554 0.04022492468357086 0.456083208322525 1.9659497737884521 -0.41643771529197693
141 -0.5192582607269287 1.2528481483459473 1.2024118900299072 -0.40325450897216797 -2.0405778884887695 -0.4299805760383606 0.45644307136535645 -0.07764916867017746 0.3517264723777771 -0.3184039294719696 0.670989453792572 1.3343291282653809 2.8368332386016846 0.03334634006023407 0.580181896686554 -0.07970621436834335 -0.8213590383529663 1.5189663171768188 0.8654237389564514 -0.6163675785064697
142 1.2703280448913574 0.3802995979785919 -0.7988569140434265 0.7008458375930786 -1.674652338027954 1.6491955518722534 -0.027835499495267868 1.6037689447402954 0.01798263192176819 -1.709917664527893 2.7774434089660645 -0.617620587348938 3.773983955383301 -2.2621123790740967 0.5927340388298035 0.3557468056678772 -0.6552765369415283 -0.1512635350227356 0.4962746202945709 -1.2039238214492798
143 -0.685736894607544 -0.30219560861587524 0.39553236961364746 0.12447617202997208 0.24878144264221191 1.1432970762252808 -1.6751554012298584 -0.21371613442897797 -0.3430004417896271 2.3651392459869385 0.42831316590309143 0.7714795470237732 -0.9101585149765015 0.8785014152526855 0.6850636005401611 0.9620705246925354 0.3947952687740326 -0.50224769115448 -2.071898937225342 -1.8076342344284058
144 -0.3451240658760071 0.13429711759090424 -0.2689993381500244 -0.6768749952316284 1.7045952081680298 -0.4682462513446808 -0.5901967883110046 -0.4609748423099518 0.2908764183521271 0.4357147216796875 -0.9652613401412964 1.513540506362915 -0.7419480681419373 -0.5842358469963074 0.7540231347084045 1.9571565389633179 1.9504705667495728 0.00801706314086914 -0.48076945543289185 -1.0362087488174438
145 -1.1831715106964111 0.6087513566017151 0.8424811363220215 -1.0696440935134888 0.5396217107772827 1.1531809568405151 1.57967209815979 0.9145735502243042 -0.7830832004547119 0.3033702075481415 -1.4250428676605225 -0.653261661529541 0.30124926567077637 -1.2537400722503662 -0.08296480029821396 0.2750445604324341 1.0817408561706543 -0.7264307737350464 -1.168558120727539 -1.9502167701721191
146 0.18645106256008148 0.847642183303833 0.6029106378555298 0.5963037014007568 -0.6065667271614075 0.03465811908245087 0.39485839009284973 0.23181335628032684 -2.0644898414611816 0.7782798409461975 -1.1094688177108765 -0.23308303952217102 0.1701430231332779 -0.29326948523521423 -0.4700568616390228 0.8830832839012146 -1.709381341934204 -0.07252795994281769 -1.0199559926986694 0.47709256410598755
147 0.33245033025741577 0.7632802128791809 -1.0360907316207886 -0.6621918678283691 1.1350127458572388 2.006657361984253 -0.4150390326976776 0.2724648118019104 0.14222389459609985 -0.9946196675300598 1.4898451566696167 0.5424161553382874 -0.5784157514572144 2.195335865020752 0.7608631253242493 0.7228021025657654 0.3989350199699402 -2.532867908477783 -0.6824285387992859 0.7508100867271423
148 -0.31467732787132263 0.5922763347625732 -0.9068796634674072 -0.1958186775445938 -0.4129767119884491 -0.5189349055290222 -0.9350276589393616 0.6885986328125 -0.8054974675178528 1.0589665174484253 0.21621014177799225 -0.31953805685043335 -0.1584351360797882 -0.5218179225921631 0.48621097207069397 -0.3211494982242584 0.035245850682258606 0.13891176879405975 -1.9493868350982666 -1.5637224912643433
149 0.008276557549834251 0.6268047094345093 0.4136815071105957 -0.9292533993721008 -0.8968703150749207 0.8511475324630737 -0.32645949721336365 -0.3143855929374695 -0.40215834975242615 1.1066817045211792 0.9406107664108276 0.8794467449188232 -0.6835214495658875 -1.20225989818573 0.19372189044952393 -0.28171658515930176 -1.061059594154358 -0.8272379040718079 1.5883827209472656 0.21709860861301422
150 0.4921190142631531 -0.4468269646167755 0.7078198194503784 -0.1595587581396103 0.3693678081035614 -0.212665393948555 0.2419114112854004 0.7662889957427979 -0.34952741861343384 0.16291841864585876 -1.4712659120559692 1.0912691354751587 -0.5563937425613403 -0.2770899832248688 1.2540289163589478 -1.459890365600586 0.3337867856025696 1.3655579090118408 -0.4217856526374817 -0.8636187314987183
151 0.6297174096107483 -0.6990423202514648 -1.4264585971832275 1.0143872499465942 0.4999013841152191 -0.3484295904636383 -0.5484114289283752 -0.8935427069664001 -0.3065734803676605 -0.18527665734291077 -1.261608362197876 -0.22304683923721313 0.2827413082122803 -0.8825392723083496 -1.4912889003753662 0.06057402864098549 0.7593556046485901 0.6583024859428406 1.0108819007873535 0.14098712801933289
152 1.2001419067382812 -0.8743284344673157 -0.0213314238935709 1.8849908113479614 -0.28529125452041626 -0.31799793243408203 0.43503665924072266 0.1467488557100296 0.212267205119133 1.3014235496520996 -0.6153285503387451 0.3859889507293701 -1.516109585762024 -1.764298677444458 -2.1253037452697754 -1.5916692018508911 0.3812129497528076 0.1991506814956665 0.9896163940429688 1.3407273292541504
153 -1.9318495988845825 -0.6423463225364685 -0.9731521606445312 0.19160693883895874 1.5555444955825806 -2.4400577545166016 -1.0466420650482178 0.8319001197814941 -0.5259729027748108 -0.209976926445961 0.14817692339420319 0.7877020239830017 -0.7165029048919678 -0.8299965858459473 1.3525910377502441 2.349201202392578 1.0351563692092896 -2.1250548362731934 -0.17773814499378204 1.4838029146194458
154 0.01478347834199667 0.47753074765205383 0.24826915562152863 1.8998950719833374 -0.8900492787361145 0.22506041824817657 1.500381588935852 -0.22675852477550507 0.050942882895469666 0.3348110318183899 2.5452935695648193 -1.2109181880950928 0.8454881310462952 -0.7427337169647217 0.10775521397590637 0.3224279582500458 -1.4736287593841553 0.25991904735565186 0.5045899748802185 -0.5812122225761414
155 -0.7075574994087219 0.7646299600601196 0.922652006149292 -0.9588001370429993 1.629642128944397 -1.5714035034179688 -1.9841816425323486 -0.3284464478492737 0.17276036739349365 0.2588658332824707 1.7293709516525269 -0.8552163243293762 1.2591520547866821 -0.3722367286682129 0.702613115310669 0.08834706991910934 1.3922139406204224 0.7300811409950256 1.7049862146377563 1.0728819370269775
156 -0.820534348487854 -0.17497386038303375 0.30474650859832764 -1.1666606664657593 0.08136406540870667 0.15463559329509735 1.0392223596572876 -0.7537950873374939 0.6585923433303833 -0.08834651112556458 -0.44717565178871155 -0.08568736165761948 -0.24712888896465302 -0.5681615471839905 -1.0010700225830078 -1.3476994037628174 0.6373857855796814 -0.004089021123945713 1.246212363243103 -1.2359663248062134
157 1.2513922452926636 -2.564972400665283 0.5777723789215088 0.3984130322933197 -1.028701901435852 -0.5732500553131104 0.6554232835769653 0.013566967099905014 0.5223466753959656 -0.09456826001405716 0.8044213056564331 0.12290619313716888 -1.6103136539459229 1.1717146635055542 -1.7029589414596558 1.1699632406234741 -0.3223719596862793 0.18428197503089905 0.9896271824836731 -0.9381721615791321
158 2.5632965564727783 -0.20244960486888885 0.6238698959350586 1.137938141822815 2.0023162364959717 1.3924212455749512 -1.2439382076263428 -2.164094924926758 -0.5019232034683228 -0.5428932905197144 -2.0451595783233643 1.421213984489441 -0.13462066650390625 -0.1505301594734192 -0.6327798366546631 -0.323474645614624 -0.5825145840644836 -1.65279221534729 0.5573150515556335 -1.439590334892273
159 0.41501837968826294 1.8647117614746094 -2.377819776535034 -1.1561775207519531 -0.14698268473148346 -0.5523380637168884 0.8086336255073547 1.5614489316940308 -0.3139631450176239 -1.5836011171340942 1.8428417444229126 -0.6926484107971191 1.4946871995925903 1.2961361408233643 -0.5157648921012878 -1.4145686626434326 0.6918608546257019 0.03721553832292557 -0.16991671919822693 0.5984638333320618
160 0.3590453565120697 -0.11126374453306198 -2.253131866455078 0.6124367713928223 1.1109040975570679 0.2956945300102234 1.8813668489456177 0.8439040184020996 1.440301537513733 -0.5493877530097961 0.14236347377300262 -0.7040947079658508 -0.37142908573150635 -0.20607733726501465 -0.4563591778278351 0.005923413205891848 -0.25540080666542053 -0.1335526704788208 -0.6665116548538208 -1.4668298959732056
161 0.41280925273895264 -0.5940184593200684 0.6208827495574951 1.4840447902679443 -0.3845066428184509 -0.31123796105384827 -0.1445762813091278 -0.9131447672843933 -0.5042891502380371 0.3638231158256531 -1.087966799736023 0.6681482195854187 -1.364072561264038 0.9357163906097412 0.8436293005943298 -0.03013783134520054 -1.5072778463363647 0.3421034514904022 1.0225238800048828 0.3845286965370178
162 -0.004790842533111572 -0.8983242511749268 -0.5499809384346008 0.23114508390426636 -0.9417032599449158 2.692052125930786 0.9032678008079529 0.6155723929405212 0.001971807098016143 0.8035293817520142 -0.395701140165329 0.29702484607696533 1.678458571434021 -0.7165951132774353 -0.29236865043640137 0.3063158392906189 0.984622061252594 -1.287697434425354 -1.0835436582565308 -1.2077027559280396
163 0.12540999054908752 1.2833000421524048 -0.11665668338537216 -0.09108136594295502 0.8368270993232727 1.3766882419586182 0.16006967425346375 -0.21750326454639435 -1.0157504081726074 0.3384568989276886 -0.6819278597831726 -0.1626264601945877 0.707359790802002 -0.4694756865501404 -0.08872310817241669 0.5625272989273071 -0.15405885875225067 -0.9178716540336609 0.8855652213096619 1.3555728197097778
164 -1.0903981924057007 -0.5836731195449829 0.22799885272979736 0.5932140350341797 1.411229133605957 0.29671958088874817 0.9528850317001343 0.13366909325122833 0.5338059067726135 -0.28263306617736816 0.5656789541244507 1.0196194648742676 1.1300278902053833 -0.33683231472969055 0.2829417884349823 0.10226340591907501 -0.8066049218177795 -0.4131162464618683 0.8274909853935242 1.1418322324752808
165 -0.5477468371391296 -0.2150459587574005 -0.8597167730331421 0.45393675565719604 -0.34809190034866333 -0.7400081157684326 -2.236504077911377 0.3774515688419342 -0.10900703072547913 1.1151143312454224 0.581554651260376 0.8254663348197937 0.6056985259056091 1.2876874208450317 -0.5381389260292053 -0.24203409254550934 -0.7226355671882629 1.0457202196121216 0.8028928637504578 -0.6790488362312317
166 -0.2510811686515808 -1.5114845037460327 -1.75173020362854 0.46981149911880493 -0.8684934973716736 -0.7300847768783569 -0.1327650547027588 -0.2842811942100525 -0.28449299931526184 1.7050145864486694 0.4421389102935791 0.6797727346420288 0.4154563844203949 -0.29381242394447327 -0.3371415436267853 1.6663473844528198 -0.07688839733600616 -0.6763845682144165 0.3468867242336273 1.3148902654647827
167 0.39692792296409607 0.5245461463928223 -1.1407318115234375 0.48762911558151245 0.1469297856092453 1.161362648010254 0.01530149020254612 0.5754942297935486 1.3722957372665405 0.1922139674425125 1.3650847673416138 -0.1868392676115036 0.014966929331421852 0.044036176055669785 -2.337783098220825 1.7127723693847656 0.2872338593006134 -0.687113881111145 0.7332915663719177 -0.4878854751586914
168 0.019100826233625412 0.8548372983932495 -0.4689476191997528 -0.5096271634101868 0.8997611403465271 -2.5904488563537598 1.314216136932373 -0.0932236835360527 -0.16072899103164673 -0.5309185981750488 0.2387944757938385 -0.06666126847267151 1.380456805229187 0.9494866132736206 1.062661051750183 0.5190749168395996 -0.9204862117767334 0.7143310904502869 -0.14981967210769653 -0.8274438977241516
169 0.07444620877504349 -0.24021975696086884 -0.09939359128475189 0.6989786028862 1.2470130920410156 0.042370107024908066 -0.7044510841369629 1.2505992650985718 0.8533914685249329 1.9783358573913574 0.4155018925666809 1.360382318496704 0.6047470569610596 1.0995572805404663 -0.5845586657524109 0.12098570913076401 -0.16705553233623505 0.21490271389484406 -0.5168303847312927 0.7050216794013977
170 0.1695924699306488 -0.23156805336475372 0.7965835928916931 -0.4465835690498352 0.9156736135482788 -0.6030760407447815 -0.39307594299316406 -0.12515372037887573 0.5270700454711914 -1.0055338144302368 -1.7437248229980469 -0.6383585333824158 0.005388773512095213 -0.8205419778823853 0.0015507903881371021 1.7077046632766724 2.721158742904663 -0.7644155025482178 0.4937039613723755 -1.8848978281021118
171 -0.2888065576553345 -0.3039856553077698 -2.251829147338867 0.15181587636470795 0.388396292924881 -0.11690552532672882 0.15977716445922852 -0.5295541286468506 0.37223753333091736 -0.16173166036605835 0.05211498960852623 1.137963891029358 -1.3159371614456177 -0.7834452986717224 -0.05780638009309769 0.1743546426296234 -0.4751317799091339 1.3201936483383179 0.0017778543988242745 -0.22618135809898376
172 -0.02421070635318756 -0.36481767892837524 0.7498087882995605 -0.3609215021133423 0.8844054341316223 -0.6554608941078186 2.176701784133911 0.4153952896595001 -0.3066607713699341 0.32478761672973633 -0.8307065963745117 2.2610013484954834 0.7904742360115051 -1.0627341270446777 -2.458350658416748 -0.08182002604007721 -1.6695990562438965 1.214267373085022 -0.9044787883758545 -0.8742992877960205
173 1.107228398323059 0.4505842626094818 0.4506804943084717 -0.5412861704826355 -0.9004104733467102 1.1068941354751587 0.026057209819555283 -0.11810078471899033 0.15467879176139832 -0.9373375773429871 -0.438455194234848 -0.13937342166900635 0.5469810962677002 -0.9736595749855042 0.35107409954071045 -0.22821417450904846 -0.11402557045221329 0.5174543261528015 -0.6789483428001404 1.8194440603256226
174 -1.5592598915100098 0.18649455904960632 -0.9239313006401062 0.3020627796649933 1.178091287612915 0.020721670240163803 -0.538935661315918 0.5254615545272827 -0.46961212158203125 -0.9717085957527161 -0.7851762175559998 0.5758278369903564 0.7132698893547058 0.9121874570846558 -1.4239273071289062 -0.5329223275184631 0.6472446322441101 -0.02886723168194294 1.1841200590133667 -1.1809806823730469
175 -0.49193960428237915 2.0203819274902344 -0.2583736777305603 -1.4668806791305542 1.2907533645629883 0.6864973902702332 0.25332093238830566 -1.473232626914978 2.688626766204834 0.15040507912635803 0.3565526008605957 -1.9058830738067627 -0.8572655916213989 -0.9495195746421814 -1.7082921266555786 -0.639739990234375 1.1666405200958252 -0.4575759172439575 -1.8209331035614014 -0.5019788146018982
176 0.8915196657180786 -0.1736321598291397 0.1485678106546402 -1.8327304124832153 -0.3750476837158203 -0.2577287256717682 1.0039582252502441 1.7220379114151 -0.3687707185745239 0.38530784845352173 -0.551247239112854 -0.26935243606567383 -0.31227976083755493 0.6069188714027405 1.333083987236023 -0.01216149516403675 -0.17008912563323975 -1.0811278820037842 0.5209164619445801 -0.49766087532043457
177 -1.2128251791000366 -0.6667345762252808 0.5938030481338501 -0.8733161687850952 0.9630824327468872 -0.11156874895095825 -0.7351295948028564 0.765934407711029 0.4998098313808441 2.13458514213562 -0.7356621026992798 1.5821844339370728 -0.40279579162597656 -0.8692274689674377 -1.3653497695922852 1.111539363861084 2.8501152992248535 1.76856529712677 0.38256436586380005 0.011535607278347015
178 3.638833522796631 1.0534024238586426 1.0317565202713013 0.8717039823532104 0.5662617683410645 1.5210000276565552 -0.2178630381822586 0.22245021164417267 -0.2155582159757614 -1.2285128831863403 -0.4715729355812073 0.9483665823936462 0.22350119054317474 -1.066542625427246 0.6348008513450623 1.2515733242034912 -1.7732207775115967 -0.9146903157234192 -0.0501299686729908 0.3149550259113312
179 -0.5131592154502869 -0.9513536095619202 1.6105105876922607 -1.3473714590072632 -1.2749475240707397 1.5999919176101685 1.109337329864502 -0.4824083149433136 -0.07885392010211945 -0.5211851000785828 -0.09795449674129486 -0.03468859940767288 0.21677854657173157 0.28613948822021484 0.029145119711756706 -0.027405384927988052 0.6393203735351562 1.4588732719421387 -0.9156394004821777 0.6265202164649963
180 1.6957683563232422 2.290785312652588 0.22454024851322174 0.038958266377449036 -0.5790446996688843 0.810128390789032 -2.18141770362854 0.3611791431903839 -0.7737642526626587 1.0010877847671509 0.5144107937812805 -0.6327823996543884 -0.8119019865989685 -0.371347576379776 0.6067472696304321 -2.481252670288086 0.6027013659477234 -1.1808068752288818 1.0137062072753906 0.34439900517463684
181 -0.7424332499504089 0.1320154070854187 0.44597676396369934 0.8116791248321533 2.5675251483917236 -0.9748632907867432 0.6942728757858276 -0.2974779009819031 -0.670975387096405 -1.2104240655899048 0.5843353867530823 -0.11382925510406494 -0.25991368293762207 -0.5235490798950195 0.6963955163955688 0.41854143142700195 0.48109546303749084 1.0858449935913086 -0.5809918642044067 0.6813368201255798
182 -0.5037203431129456 -3.3011021614074707 0.3848397135734558 -1.137934923171997 1.3162810802459717 0.9876591563224792 -2.310127019882202 -0.9150647521018982 -1.4512792825698853 -0.7268319725990295 2.054884910583496 -1.4522525072097778 -0.02086731791496277 -0.3435988128185272 2.051617383956909 -0.7361189723014832 0.6644337773323059 -0.5462942123413086 1.3109296560287476 0.955070436000824
183 -1.4867796897888184 -2.014798879623413 0.6991757750511169 0.2927480638027191 -0.6474015116691589 -0.8282514214515686 -2.095012664794922 -0.2959616482257843 1.4733065366744995 -1.1910191774368286 0.8415487408638 0.498393714427948 0.32009923458099365 1.0701223611831665 -0.16830654442310333 1.0849878787994385 -0.4751627445220947 -0.5286609530448914 -0.8282380104064941 -0.9249160289764404
184 1.4629474878311157 0.09899561107158661 -0.34861135482788086 -1.4641008377075195 -0.20989486575126648 0.08999519050121307 0.7744147777557373 -1.1140908002853394 -1.4702391624450684 1.2482184171676636 -0.241540789604187 -0.14787696301937103 0.2651810646057129 0.3723564147949219 1.2288340330123901 0.5587130784988403 -0.3735247254371643 -0.5093385577201843 -0.4638529121875763 -0.4027901887893677
185 -0.6124213933944702 -1.5483622550964355 -1.9588838815689087 -0.6953584551811218 3.7065834999084473 0.01186953205615282 2.1455185413360596 1.6770082712173462 -0.8823633790016174 -1.50013267993927 0.7009553909301758 0.5915290117263794 0.764288067817688 -0.956429123878479 0.7583926320075989 1.1413114070892334 -0.4280567467212677 -0.030298518016934395 -1.073272705078125 1.2280021905899048
186 0.07980706542730331 -0.1867927461862564 0.8743248581886292 -1.7620292901992798 -1.0449533462524414 -0.6844146251678467 -0.16997358202934265 -0.9928192496299744 2.390429735183716 0.19387011229991913 -1.983773112297058 -0.6690490245819092 0.7897505760192871 -0.523285448551178 -0.10129498690366745 0.5866467356681824 0.0698399692773819 -0.34490570425987244 -0.18544305860996246 0.7249904274940491
187 -0.28907543420791626 0.560870349407196 -0.4611569941043854 0.9092317819595337 0.5973227024078369 0.4794043004512787 -0.07841569930315018 -0.6015257835388184 0.5811333656311035 -1.4380959272384644 0.3574359118938446 1.379323124885559 0.26732611656188965 -0.024579208344221115 -1.0133419036865234 1.7246876955032349 -0.555748462677002 0.16013126075267792 0.2572132647037506 -0.006524095311760902
188 1.9665402173995972 0.5177086591720581 -0.26018160581588745 0.0064699603244662285 0.44660335779190063 -0.17628341913223267 0.7162994742393494 -0.7865425944328308 1.6983489990234375 -1.1049084663391113 -0.010410308837890625 0.29246583580970764 -1.8115637302398682 1.2350513935089111 -1.3805447816848755 0.7500406503677368 0.04451344162225723 1.2374181747436523 0.8966724872589111 -1.1100882291793823
189 -1.3997646570205688 0.1904842108488083 1.0280245542526245 1.596432089805603 0.4945756196975708 0.9172706604003906 -1.0101425647735596 -1.240812063217163 -1.4889397621154785 1.8455932140350342 1.9604893922805786 -1.4711706638336182 0.5057530999183655 -0.5469573140144348 0.7499261498451233 0.11012618988752365 -0.24473005533218384 0.3480057120323181 -1.428521752357483 1.0723953247070312
190 -1.2398847341537476 0.9963610172271729 -1.7515913248062134 0.8420121669769287 0.2219805121421814 -0.3148000240325928 -0.5301535725593567 0.24304905533790588 1.0407075881958008 -0.9482316970825195 0.9780142307281494 1.182961106300354 0.22607451677322388 -1.2609248161315918 -0.14698980748653412 -1.277794361114502 -0.6254609823226929 -1.4590909481048584 0.21326176822185516 -0.39114153385162354
191 -0.37813836336135864 -0.9230198264122009 1.0482275485992432 0.1302206814289093 1.0150423049926758 -0.5937191247940063 -0.005948915611952543 -0.7462740540504456 -0.21072393655776978 -2.259413003921509 -0.045922666788101196 -1.2257577180862427 0.6960511803627014 0.07208013534545898 -0.657119870185852 -0.17900416254997253 -0.2223011553287506 0.7426847815513611 -0.9859774708747864 -0.4334172308444977
192 1.0310425758361816 1.6987905502319336 -0.12948371469974518 0.23101873695850372 1.184191107749939 0.74458909034729 -1.0788094997406006 0.1121242567896843 -0.7891318798065186 -0.615565836429596 -0.9678651690483093 -0.9794617295265198 0.29596176743507385 1.2604169845581055 0.5379210710525513 0.40044113993644714 -0.1408265084028244 0.4508916735649109 -0.7733270525932312 -0.6054826378822327
193 -0.7042304873466492 -0.31311413645744324 0.8887851238250732 -1.2488926649093628 -0.5686761736869812 0.09220617264509201 -0.08128618448972702 0.8927826285362244 0.8246424794197083 -1.1558300256729126 -0.6091550588607788 -0.86175537109375 -0.14321671426296234 2.010125160217285 -0.7217060327529907 -1.5687440633773804 -1.202924132347107 0.6092818379402161 0.26507657766342163 -1.3016473054885864
194 0.9500792026519775 0.5939575433731079 -0.45270100235939026 0.6205424666404724 -0.7108125686645508 1.54853093624115 0.5394728183746338 -0.21012376248836517 -1.2468403577804565 -0.38065305352211 1.6814712285995483 -0.018750332295894623 0.28563541173934937 -1.7548930644989014 0.0707334652543068 0.3515356183052063 -0.0010632252087816596 -0.5633108615875244 -0.4982920289039612 1.5107207298278809
195 -0.5799234509468079 -1.5199940204620361 -0.9052783250808716 0.47624918818473816 0.8480298519134521 0.943759560585022 -1.0018377304077148 -1.4005898237228394 0.324950635433197 -0.10665985196828842 -0.29663458466529846 0.1533176749944687 0.7053738236427307 0.5429441928863525 -0.1398644894361496 0.3397929072380066 -1.5960739850997925 0.16304334998130798 0.8534991145133972 -1.150868535041809
196 -0.6027666330337524 -0.5238541960716248 -0.0023157126270234585 -0.6613858342170715 0.16989021003246307 -0.8763375282287598 0.9693914651870728 0.025060586631298065 -1.08588445186615 -0.640156626701355 -1.2617911100387573 -0.10404656827449799 0.02877340279519558 1.4473716020584106 -0.8809020519256592 -0.889477014541626 -0.7293939590454102 0.9593837261199951 -1.1746885776519775 -1.1910839080810547
197 -0.02067825384438038 -0.47169771790504456 0.13891153037548065 0.20119960606098175 0.7709000706672668 0.11027391999959946 -0.12183157354593277 0.021747704595327377 1.0646148920059204 -0.7196162343025208 0.2484452724456787 0.3798133134841919 0.018533926457166672 0.2596319019794464 1.825780987739563 -0.7944401502609253 0.4501129984855652 0.8442937731742859 -0.052051957696676254 0.5114979147911072
198 0.37415456771850586 0.5030558109283447 -0.04651827737689018 0.1998908966779709 1.5401264429092407 1.4851112365722656 0.883755624294281 -0.754840612411499 -1.7733752727508545 -0.2906303405761719 -0.7514387965202332 -1.037842035293579 -0.5749171376228333 0.5403401255607605 -1.0102319717407227 0.054023806005716324 -0.16919830441474915 -0.7097200751304626 -1.0857281684875488 -0.3396618664264679
199 -0.4026157855987549 -0.5455597043037415 -0.005251273512840271 0.789307713508606 -0.8760830163955688 0.13412301242351532 -0.39042341709136963 -0.3407471179962158 -0.5131531357765198 -1.0649911165237427 -0.05461980029940605 -0.8053898215293884 -0.40623021125793457 0.139280304312706 -1.7846143245697021 0.7063108682632446 0.1431938111782074 -1.870176076889038 -0.19795957207679749 0.9798785448074341
